
***** GLOBAL STATISTICS (   180 MPI TASKS) *****

$Id: gptl.c,v 1.157 2011-03-28 20:55:18 rosinski Exp $
'count' is cumulative. All other stats are max/min
name                    processes  threads        count      walltotal   wallmax (proc   thrd  )   wallmin (proc   thrd  )
DRIVER_INIT                   180      180 1.800000e+02   2.494089e+03    16.209 (    75      0)    11.029 (   101      0)
driver_init_comps             180      180 1.800000e+02   1.742251e+03     9.700 (    17      0)     9.668 (   100      0)
driver_init_xxx2xxx           180      180 1.800000e+02   2.453352e+01     0.141 (    15      0)     0.129 (   162      0)
driver_init_maps              100      100 1.000000e+02   1.164370e+02     1.172 (    78      0)     1.160 (    20      0)
driver_init_atminit           180      180 1.800000e+02   5.072935e+02     5.166 (    77      0)     0.000 (   119      0)
driver_init_readrestart       180      180 1.800000e+02   5.434275e-02     0.001 (    41      0)     0.000 (   121      0)
DRIVER_RUN_LOOP_BSTART        180      180 1.800000e+02   4.233717e+02     5.179 (   101      0)     0.000 (    79      0)
DRIVER_RUN_LOOP               180      180 1.036800e+05   1.277132e+06  7095.817 (     1      0)  7094.390 (   100      0)
DRIVER_CPL_RUN                180      180 7.720400e+05   2.684971e+03    41.740 (    29      0)     0.055 (   135      0)
DRIVER_CLOCK_ADVANCE          180      180 1.036800e+05   1.075405e+01     0.104 (    34      0)     0.053 (    65      0)
DRIVER_OCNPREP                100      100 1.152000e+05   7.822509e+02    13.179 (    38      0)     5.422 (    91      0)
driver_ocnprep_atm2ocn        100      100 5.760000e+04   7.367573e+02    12.470 (    29      0)     5.024 (    91      0)
DRIVER_ATMOCNP                100      100 5.760000e+04   7.564720e+02    11.997 (    34      0)     2.929 (    40      0)
driver_atmocnp_fluxo          100      100 5.760000e+04   7.906305e+01     1.595 (    35      0)     0.393 (    91      0)
driver_atmocnp_mrgx2o         100      100 5.760000e+04   6.419319e+02    10.050 (    34      0)     1.805 (    40      0)
driver_atmocnp_accum          100      100 5.760000e+04   3.478841e+01     0.532 (    39      0)     0.175 (    40      0)
driver_ocnprep_avg            100      100 5.760000e+04   4.520837e+01     0.757 (    38      0)     0.373 (    96      0)
DRIVER_C2O                    180      180 1.036800e+05   3.210635e+03    30.613 (   100      0)     0.521 (     0      0)
driver_c2o_ocnx2ocno          180      180 1.036800e+05   2.017022e+03    28.896 (   124      0)     0.500 (     0      0)
driver_c2o_infoexch           180      180 1.036800e+05   1.193330e+03    13.275 (   100      0)     0.014 (     4      0)
DRIVER_FRACSET                100      100 5.760000e+04   9.815741e-02     0.002 (     0      0)     0.001 (    65      0)
driver_fracset_fracset        100      100 5.760000e+04   2.946568e-02     0.001 (     0      0)     0.000 (    52      0)
DRIVER_ATMPREP                100      100 5.760000e+04   8.527446e+02    17.498 (    29      0)     6.005 (    97      0)
driver_atmprep_ocn2atmf       100      100 5.760000e+04   4.047282e+02    10.462 (    29      0)     2.949 (    97      0)
driver_atmprep_ocn2atm1       100      100 5.760000e+04   1.935329e+02     7.199 (    27      0)     1.364 (    83      0)
driver_atmprep_ocn2atm2       100      100 5.760000e+04   4.360346e+01     5.066 (    16      0)     0.155 (    90      0)
driver_atmprep_ocn2atmb       100      100 5.760000e+04   1.922945e+02     6.973 (    25      0)     1.345 (    91      0)
driver_atmprep_mrgx2a         100      100 5.760000e+04   1.803163e+01     0.304 (    33      0)     0.145 (    43      0)
DRIVER_C2A                    100      100 5.760000e+04   5.095064e+02     8.324 (    14      0)     0.067 (     9      0)
driver_c2a_atmx2atma          100      100 5.760000e+04   1.676641e+02     8.301 (    14      0)     0.053 (    19      0)
driver_c2a_infoexch           100      100 5.760000e+04   3.416614e+02     7.232 (    85      0)     0.006 (     0      0)
DRIVER_ATM_RUN                100      100 5.760000e+04   6.848932e+05  6868.273 (     4      0)  6824.305 (    99      0)
DRIVER_A2C                    100      100 5.760000e+04   6.924446e+02    29.380 (    99      0)     0.222 (     4      0)
driver_a2c_atma2atmx          100      100 5.760000e+04   1.860707e+02     7.344 (    99      0)     0.130 (    94      0)
driver_a2c_infoexch           100      100 5.760000e+04   5.061220e+02    22.034 (    99      0)     0.006 (     0      0)
DRIVER_ATMPOST                100      100 5.760000e+04   1.986575e-02     0.000 (    30      0)     0.000 (    82      0)
DRIVER_O2C                    180      180 1.036800e+05   1.541559e+05  1678.760 (   169      0)   198.857 (    97      0)
driver_o2c_ocno2ocnx          180      180 1.036800e+05   1.540322e+05  1678.381 (   111      0)   197.161 (     2      0)
driver_o2c_infoexch           180      180 1.036800e+05   1.233887e+02     2.668 (     2      0)     0.005 (   100      0)
DRIVER_OCNPOST                100      100 5.760000e+04   1.279902e-02     0.000 (    22      0)     0.000 (    58      0)
DRIVER_HISTORY                100      100 5.760000e+04   1.138823e-01     0.002 (    35      0)     0.000 (    64      0)
DRIVER_TSTAMP_WRITE           180      180 1.036800e+05   3.015065e-02     0.001 (   100      0)     0.000 (    15      0)
DRIVER_TPROF_WRITE            180      180 1.036800e+05   1.871395e-02     0.000 (    30      0)     0.000 (   118      0)
DRIVER_RESTART                100      100 2.000000e+02   2.818074e+02     2.844 (     1      0)     2.816 (    63      0)
DRIVER_RUN_LOOP_BSTOP         180      180 1.800000e+02   1.152809e+02     1.427 (   100      0)     0.000 (     1      0)
DRIVER_FINAL                  180      180 1.800000e+02   8.507269e+00     0.048 (     0      0)     0.047 (   100      0)
t_prf                           0        0 0.000000e+00   0.000000e+00     0.000 (     0      0)     0.000 (     0      0)
DRIVER_C2O_INITWAIT            80       80 8.000000e+01   3.655813e+00     0.047 (   117      0)     0.045 (   177      0)
DRIVER_OCN_RUN                 80       80 4.608000e+04   4.309780e+05  5388.504 (   135      0)  5385.331 (   101      0)
docn_comp_run                  80       80 4.608000e+04   4.678170e+01     0.604 (   163      0)     0.481 (   100      0)
DOCN_RUN                       80       80 4.608000e+04   4.673332e+01     0.603 (   163      0)     0.479 (   100      0)
rocn_comp_run                  80       80 4.608000e+04   4.303571e+05  5383.060 (   101      0)  5357.474 (   100      0)
DOCN_FINAL                     80       80 8.000000e+01   5.459785e-05     0.000 (   100      0)     0.000 (   101      0)

