
***** GLOBAL STATISTICS (   180 MPI TASKS) *****

$Id: gptl.c,v 1.157 2011-03-28 20:55:18 rosinski Exp $
'count' is cumulative. All other stats are max/min
name                    processes  threads        count      walltotal   wallmax (proc   thrd  )   wallmin (proc   thrd  )
DRIVER_INIT                   180      180 1.800000e+02   2.414578e+03    15.320 (    35      0)    11.032 (   159      0)
driver_init_comps             180      180 1.800000e+02   1.784638e+03     9.925 (     3      0)     9.904 (   100      0)
driver_init_xxx2xxx           180      180 1.800000e+02   1.873326e+01     0.107 (    25      0)     0.100 (    52      0)
driver_init_maps              100      100 1.000000e+02   9.749077e+01     0.981 (     7      0)     0.971 (    40      0)
driver_init_atminit           180      180 1.800000e+02   4.274283e+02     4.275 (    78      0)     0.000 (   105      0)
driver_init_readrestart       180      180 1.800000e+02   5.839920e-02     0.001 (    63      0)     0.000 (    14      0)
DRIVER_RUN_LOOP_BSTART        180      180 1.800000e+02   3.428103e+02     4.286 (   159      0)     0.000 (    77      0)
DRIVER_RUN_LOOP               180      180 1.036800e+05   9.894340e+05  5497.479 (     1      0)  5496.087 (   167      0)
DRIVER_CPL_RUN                180      180 7.720400e+05   2.407469e+03    27.432 (    17      0)     0.055 (   157      0)
DRIVER_CLOCK_ADVANCE          180      180 1.036800e+05   1.000948e+01     0.070 (   100      0)     0.054 (   157      0)
DRIVER_OCNPREP                100      100 1.152000e+05   6.675158e+02     7.915 (    32      0)     5.629 (    84      0)
driver_ocnprep_atm2ocn        100      100 5.760000e+04   6.284877e+02     7.526 (    32      0)     5.225 (    84      0)
DRIVER_ATMOCNP                100      100 5.760000e+04   7.553943e+02     8.659 (    43      0)     6.189 (     0      0)
driver_atmocnp_fluxo          100      100 5.760000e+04   7.252483e+01     1.125 (    50      0)     0.403 (    97      0)
driver_atmocnp_mrgx2o         100      100 5.760000e+04   6.483151e+02     7.438 (    43      0)     5.223 (     0      0)
driver_atmocnp_accum          100      100 5.760000e+04   3.390560e+01     0.457 (    58      0)     0.187 (     8      0)
driver_ocnprep_avg            100      100 5.760000e+04   3.877081e+01     0.438 (     0      0)     0.373 (    43      0)
DRIVER_C2O                    180      180 1.036800e+05   2.487057e+03    25.587 (   101      0)     0.568 (     0      0)
driver_c2o_ocnx2ocno          180      180 1.036800e+05   2.048154e+03    24.548 (   116      0)     0.530 (     1      0)
driver_c2o_infoexch           180      180 1.036800e+05   4.386395e+02     7.742 (   100      0)     0.017 (     0      0)
DRIVER_FRACSET                100      100 5.760000e+04   8.741069e-02     0.002 (     0      0)     0.001 (    34      0)
driver_fracset_fracset        100      100 5.760000e+04   2.687454e-02     0.001 (     0      0)     0.000 (    46      0)
DRIVER_ATMPREP                100      100 5.760000e+04   6.904732e+02     9.247 (    19      0)     6.037 (    88      0)
driver_atmprep_ocn2atmf       100      100 5.760000e+04   3.403165e+02     5.706 (    19      0)     2.988 (    88      0)
driver_atmprep_ocn2atm1       100      100 5.760000e+04   1.542006e+02     3.791 (    17      0)     1.365 (    88      0)
driver_atmprep_ocn2atm2       100      100 5.760000e+04   2.624331e+01     2.435 (    16      0)     0.156 (    85      0)
driver_atmprep_ocn2atmb       100      100 5.760000e+04   1.532488e+02     3.726 (    15      0)     1.346 (    98      0)
driver_atmprep_mrgx2a         100      100 5.760000e+04   1.597058e+01     0.175 (    97      0)     0.148 (     9      0)
DRIVER_C2A                    100      100 5.760000e+04   9.528193e+01     5.887 (     0      0)     0.071 (     9      0)
driver_c2a_atmx2atma          100      100 5.760000e+04   4.872129e+01     5.879 (     0      0)     0.061 (    29      0)
driver_c2a_infoexch           100      100 5.760000e+04   4.640348e+01     1.052 (    99      0)     0.007 (     0      0)
DRIVER_ATM_RUN                100      100 5.760000e+04   4.125970e+05  4130.195 (     4      0)  4119.311 (    99      0)
DRIVER_A2C                    100      100 5.760000e+04   3.063736e+02     9.630 (    99      0)     0.195 (    14      0)
driver_a2c_atma2atmx          100      100 5.760000e+04   1.979330e+02     7.063 (    49      0)     0.143 (    34      0)
driver_a2c_infoexch           100      100 5.760000e+04   1.082202e+02     2.800 (    95      0)     0.006 (     0      0)
DRIVER_ATMPOST                100      100 5.760000e+04   1.789665e-02     0.000 (    20      0)     0.000 (     3      0)
DRIVER_O2C                    180      180 1.036800e+05   1.387551e+05  1338.346 (     0      0)    61.781 (   126      0)
driver_o2c_ocno2ocnx          180      180 1.036800e+05   1.385804e+05  1337.146 (    35      0)    61.674 (   138      0)
driver_o2c_infoexch           180      180 1.036800e+05   1.743288e+02     3.323 (     1      0)     0.004 (   100      0)
DRIVER_OCNPOST                100      100 5.760000e+04   1.227069e-02     0.000 (    20      0)     0.000 (    25      0)
DRIVER_HISTORY                100      100 5.760000e+04   1.119528e-01     0.001 (    81      0)     0.001 (    17      0)
DRIVER_TSTAMP_WRITE           180      180 1.036800e+05   3.135848e-02     0.001 (   100      0)     0.000 (    98      0)
DRIVER_TPROF_WRITE            180      180 1.036800e+05   1.750302e-02     0.000 (     9      0)     0.000 (   145      0)
DRIVER_RESTART                100      100 2.000000e+02   2.831957e+02     2.858 (     1      0)     2.830 (    63      0)
DRIVER_RUN_LOOP_BSTOP         180      180 1.800000e+02   1.123883e+02     1.393 (   101      0)     0.000 (     1      0)
DRIVER_FINAL                  180      180 1.800000e+02   1.877771e+00     0.011 (     0      0)     0.009 (    11      0)
t_prf                           0        0 0.000000e+00   0.000000e+00     0.000 (     0      0)     0.000 (     0      0)
DRIVER_C2O_INITWAIT            80       80 8.000000e+01   2.418121e+00     0.031 (   160      0)     0.029 (   148      0)
DRIVER_OCN_RUN                 80       80 4.608000e+04   4.327814e+05  5411.179 (   131      0)  5407.782 (   101      0)
docn_comp_run                  80       80 4.608000e+04   6.698920e+01     0.861 (   101      0)     0.689 (   100      0)
DOCN_RUN                       80       80 4.608000e+04   6.693968e+01     0.860 (   101      0)     0.688 (   100      0)
rocn_comp_run                  80       80 4.608000e+04   4.321296e+05  5405.252 (   101      0)  5379.498 (   100      0)
DOCN_FINAL                     80       80 8.000000e+01   6.437302e-05     0.000 (   100      0)     0.000 (   101      0)

