
***** GLOBAL STATISTICS (   180 MPI TASKS) *****

$Id: gptl.c,v 1.157 2011-03-28 20:55:18 rosinski Exp $
'count' is cumulative. All other stats are max/min
name                    processes  threads        count      walltotal   wallmax (proc   thrd  )   wallmin (proc   thrd  )
DRIVER_INIT                   180      180 1.800000e+02   2.146707e+03    13.999 (    31      0)     9.335 (   133      0)
driver_init_comps             180      180 1.800000e+02   1.548663e+03     8.615 (    15      0)     8.593 (   100      0)
driver_init_xxx2xxx           180      180 1.800000e+02   1.970140e+01     0.114 (     5      0)     0.100 (   142      0)
driver_init_maps              100      100 1.000000e+02   5.808089e+01     0.586 (    67      0)     0.576 (    40      0)
driver_init_atminit           180      180 1.800000e+02   4.647863e+02     4.649 (    83      0)     0.000 (   104      0)
driver_init_readrestart       180      180 1.800000e+02   7.382894e-02     0.001 (    89      0)     0.000 (    19      0)
DRIVER_RUN_LOOP_BSTART        180      180 1.800000e+02   3.728435e+02     4.661 (   133      0)     0.000 (    89      0)
DRIVER_RUN_LOOP               180      180 1.036800e+05   9.890455e+05  5495.346 (     1      0)  5493.895 (   100      0)
DRIVER_CPL_RUN                180      180 7.720400e+05   2.420753e+03    27.255 (    17      0)     0.055 (   128      0)
DRIVER_CLOCK_ADVANCE          180      180 1.036800e+05   1.000979e+01     0.069 (   100      0)     0.053 (   128      0)
DRIVER_OCNPREP                100      100 1.152000e+05   6.697957e+02     7.777 (    40      0)     5.542 (    84      0)
driver_ocnprep_atm2ocn        100      100 5.760000e+04   6.308231e+02     7.383 (    40      0)     5.126 (    84      0)
DRIVER_ATMOCNP                100      100 5.760000e+04   7.581454e+02     8.686 (    35      0)     6.325 (    58      0)
driver_atmocnp_fluxo          100      100 5.760000e+04   7.310940e+01     1.083 (    35      0)     0.397 (    84      0)
driver_atmocnp_mrgx2o         100      100 5.760000e+04   6.515605e+02     7.378 (    35      0)     5.215 (    58      0)
driver_atmocnp_accum          100      100 5.760000e+04   3.283070e+01     0.462 (    58      0)     0.192 (     9      0)
driver_ocnprep_avg            100      100 5.760000e+04   3.871835e+01     0.433 (     0      0)     0.373 (    55      0)
DRIVER_C2O                    180      180 1.036800e+05   2.464787e+03    25.301 (   101      0)     0.690 (     0      0)
driver_c2o_ocnx2ocno          180      180 1.036800e+05   2.035139e+03    24.091 (   116      0)     0.544 (     1      0)
driver_c2o_infoexch           180      180 1.036800e+05   4.293845e+02     7.585 (   100      0)     0.013 (     0      0)
DRIVER_FRACSET                100      100 5.760000e+04   8.675623e-02     0.001 (     0      0)     0.001 (    97      0)
driver_fracset_fracset        100      100 5.760000e+04   2.615976e-02     0.001 (     0      0)     0.000 (    22      0)
DRIVER_ATMPREP                100      100 5.760000e+04   6.883384e+02     9.612 (     2      0)     6.010 (    86      0)
driver_atmprep_ocn2atmf       100      100 5.760000e+04   3.390526e+02     6.185 (     2      0)     2.975 (    86      0)
driver_atmprep_ocn2atm1       100      100 5.760000e+04   1.542078e+02     3.122 (    17      0)     1.360 (    86      0)
driver_atmprep_ocn2atm2       100      100 5.760000e+04   2.600996e+01     1.775 (    16      0)     0.155 (    94      0)
driver_atmprep_ocn2atmb       100      100 5.760000e+04   1.527277e+02     3.089 (    15      0)     1.344 (    86      0)
driver_atmprep_mrgx2a         100      100 5.760000e+04   1.584992e+01     0.174 (    90      0)     0.146 (    49      0)
DRIVER_C2A                    100      100 5.760000e+04   8.461303e+01     5.769 (     0      0)     0.071 (    19      0)
driver_c2a_atmx2atma          100      100 5.760000e+04   4.221321e+01     5.761 (     0      0)     0.058 (    60      0)
driver_c2a_infoexch           100      100 5.760000e+04   4.224420e+01     1.103 (    93      0)     0.006 (     0      0)
DRIVER_ATM_RUN                100      100 5.760000e+04   4.111948e+05  4117.704 (     4      0)  4103.860 (    99      0)
DRIVER_A2C                    100      100 5.760000e+04   4.598590e+02    12.534 (    99      0)     0.182 (     4      0)
driver_a2c_atma2atmx          100      100 5.760000e+04   2.508623e+02     9.885 (    49      0)     0.142 (    14      0)
driver_a2c_infoexch           100      100 5.760000e+04   2.087748e+02     4.847 (    99      0)     0.006 (     0      0)
DRIVER_ATMPOST                100      100 5.760000e+04   1.755023e-02     0.000 (    10      0)     0.000 (    27      0)
DRIVER_O2C                    180      180 1.036800e+05   1.397447e+05  1348.799 (     0      0)    61.115 (   126      0)
driver_o2c_ocno2ocnx          180      180 1.036800e+05   1.395764e+05  1347.463 (    35      0)    60.964 (   138      0)
driver_o2c_infoexch           180      180 1.036800e+05   1.680755e+02     3.138 (     1      0)     0.004 (   100      0)
DRIVER_OCNPOST                100      100 5.760000e+04   1.228476e-02     0.000 (    49      0)     0.000 (    28      0)
DRIVER_HISTORY                100      100 5.760000e+04   1.083829e-01     0.002 (    10      0)     0.000 (    22      0)
DRIVER_TSTAMP_WRITE           180      180 1.036800e+05   5.580378e-02     0.001 (   147      0)     0.000 (    65      0)
DRIVER_TPROF_WRITE            180      180 1.036800e+05   1.806831e-02     0.000 (   103      0)     0.000 (   114      0)
DRIVER_RESTART                100      100 2.000000e+02   2.935632e+02     2.959 (     1      0)     2.934 (    63      0)
DRIVER_RUN_LOOP_BSTOP         180      180 1.800000e+02   1.171067e+02     1.452 (   101      0)     0.001 (     1      0)
DRIVER_FINAL                  180      180 1.800000e+02   1.659651e+00     0.010 (     0      0)     0.009 (   126      0)
t_prf                           0        0 0.000000e+00   0.000000e+00     0.000 (     0      0)     0.000 (     0      0)
DRIVER_C2O_INITWAIT            80       80 8.000000e+01   2.355643e+00     0.030 (   115      0)     0.028 (   164      0)
DRIVER_OCN_RUN                 80       80 4.608000e+04   4.326716e+05  5409.725 (   135      0)  5406.658 (   101      0)
docn_comp_run                  80       80 4.608000e+04   4.637108e+01     0.627 (   101      0)     0.437 (   100      0)
DOCN_RUN                       80       80 4.608000e+04   4.632345e+01     0.627 (   101      0)     0.436 (   100      0)
rocn_comp_run                  80       80 4.608000e+04   4.320460e+05  5404.348 (   101      0)  5378.552 (   100      0)
DOCN_FINAL                     80       80 8.000000e+01   6.747246e-05     0.000 (   100      0)     0.000 (   101      0)

