
***** GLOBAL STATISTICS (   180 MPI TASKS) *****

$Id: gptl.c,v 1.157 2011-03-28 20:55:18 rosinski Exp $
'count' is cumulative. All other stats are max/min
name                    processes  threads        count      walltotal   wallmax (proc   thrd  )   wallmin (proc   thrd  )
DRIVER_INIT                   180      180 1.800000e+02   2.108968e+03    13.633 (    84      0)     9.320 (   165      0)
driver_init_comps             180      180 1.800000e+02   1.558495e+03     8.673 (    17      0)     8.644 (   167      0)
driver_init_xxx2xxx           180      180 1.800000e+02   1.915693e+01     0.112 (    59      0)     0.098 (    50      0)
driver_init_maps              100      100 1.000000e+02   5.121026e+01     0.521 (    50      0)     0.507 (    64      0)
driver_init_atminit           180      180 1.800000e+02   4.299186e+02     4.301 (    93      0)     0.000 (   105      0)
driver_init_readrestart       180      180 1.800000e+02   5.556631e-02     0.001 (    27      0)     0.000 (   142      0)
DRIVER_RUN_LOOP_BSTART        180      180 1.800000e+02   3.449472e+02     4.311 (   133      0)     0.000 (    90      0)
DRIVER_RUN_LOOP               180      180 1.036800e+05   9.940106e+05  5522.915 (     1      0)  5521.500 (   101      0)
DRIVER_CPL_RUN                180      180 7.720400e+05   2.403838e+03    27.170 (     2      0)     0.055 (   134      0)
DRIVER_CLOCK_ADVANCE          180      180 1.036800e+05   1.001313e+01     0.070 (   100      0)     0.053 (   177      0)
DRIVER_OCNPREP                100      100 1.152000e+05   6.668192e+02     7.709 (    40      0)     5.547 (    86      0)
driver_ocnprep_atm2ocn        100      100 5.760000e+04   6.278883e+02     7.323 (    40      0)     5.150 (    86      0)
DRIVER_ATMOCNP                100      100 5.760000e+04   7.528342e+02     8.578 (    34      0)     6.592 (     0      0)
driver_atmocnp_fluxo          100      100 5.760000e+04   7.141883e+01     1.077 (    35      0)     0.396 (    86      0)
driver_atmocnp_mrgx2o         100      100 5.760000e+04   6.479893e+02     7.483 (    75      0)     5.424 (    43      0)
driver_atmocnp_accum          100      100 5.760000e+04   3.278123e+01     0.465 (    43      0)     0.210 (    50      0)
driver_ocnprep_avg            100      100 5.760000e+04   3.867505e+01     0.433 (     0      0)     0.373 (    34      0)
DRIVER_C2O                    180      180 1.036800e+05   2.454336e+03    25.805 (   100      0)     0.573 (     0      0)
driver_c2o_ocnx2ocno          180      180 1.036800e+05   2.043848e+03    23.997 (   116      0)     0.458 (     1      0)
driver_c2o_infoexch           180      180 1.036800e+05   4.102271e+02     7.310 (   100      0)     0.014 (     0      0)
DRIVER_FRACSET                100      100 5.760000e+04   8.774471e-02     0.002 (     0      0)     0.001 (    75      0)
driver_fracset_fracset        100      100 5.760000e+04   2.669263e-02     0.001 (     0      0)     0.000 (    59      0)
DRIVER_ATMPREP                100      100 5.760000e+04   6.799846e+02    10.546 (     2      0)     6.010 (    86      0)
driver_atmprep_ocn2atmf       100      100 5.760000e+04   3.371692e+02     6.555 (     2      0)     2.978 (    86      0)
driver_atmprep_ocn2atm1       100      100 5.760000e+04   1.521564e+02     3.276 (    17      0)     1.364 (    86      0)
driver_atmprep_ocn2atm2       100      100 5.760000e+04   2.391192e+01     1.927 (    16      0)     0.155 (    95      0)
driver_atmprep_ocn2atmb       100      100 5.760000e+04   1.501490e+02     3.250 (    15      0)     1.340 (    94      0)
driver_atmprep_mrgx2a         100      100 5.760000e+04   1.610589e+01     0.181 (    78      0)     0.145 (    29      0)
DRIVER_C2A                    100      100 5.760000e+04   7.515050e+01     5.760 (     1      0)     0.072 (     9      0)
driver_c2a_atmx2atma          100      100 5.760000e+04   4.443606e+01     5.747 (     1      0)     0.063 (     9      0)
driver_c2a_infoexch           100      100 5.760000e+04   3.055670e+01     0.812 (    79      0)     0.006 (     0      0)
DRIVER_ATM_RUN                100      100 5.760000e+04   4.113128e+05  4118.170 (     4      0)  4105.586 (    99      0)
DRIVER_A2C                    100      100 5.760000e+04   4.362847e+02    11.994 (    99      0)     0.195 (     4      0)
driver_a2c_atma2atmx          100      100 5.760000e+04   2.511717e+02     9.210 (    49      0)     0.136 (    94      0)
driver_a2c_infoexch           100      100 5.760000e+04   1.848922e+02     4.321 (    99      0)     0.006 (     0      0)
DRIVER_ATMPOST                100      100 5.760000e+04   1.773930e-02     0.000 (    20      0)     0.000 (    93      0)
DRIVER_O2C                    180      180 1.036800e+05   1.424646e+05  1375.847 (     0      0)    61.509 (   126      0)
driver_o2c_ocno2ocnx          180      180 1.036800e+05   1.422839e+05  1374.604 (    35      0)    61.380 (   101      0)
driver_o2c_infoexch           180      180 1.036800e+05   1.803881e+02     3.637 (     1      0)     0.005 (   100      0)
DRIVER_OCNPOST                100      100 5.760000e+04   1.220608e-02     0.000 (     2      0)     0.000 (    48      0)
DRIVER_HISTORY                100      100 5.760000e+04   1.013129e-01     0.001 (    45      0)     0.000 (    35      0)
DRIVER_TSTAMP_WRITE           180      180 1.036800e+05   5.297017e-02     0.001 (   150      0)     0.000 (    56      0)
DRIVER_TPROF_WRITE            180      180 1.036800e+05   1.787591e-02     0.000 (    39      0)     0.000 (   157      0)
DRIVER_RESTART                100      100 2.000000e+02   2.932941e+02     2.955 (     1      0)     2.931 (    63      0)
DRIVER_RUN_LOOP_BSTOP         180      180 1.800000e+02   1.141493e+02     1.415 (   101      0)     0.000 (     1      0)
DRIVER_FINAL                  180      180 1.800000e+02   1.855626e+00     0.011 (     0      0)     0.009 (    11      0)
t_prf                           0        0 0.000000e+00   0.000000e+00     0.000 (     0      0)     0.000 (     0      0)
DRIVER_C2O_INITWAIT            80       80 8.000000e+01   2.381880e+00     0.031 (   169      0)     0.029 (   157      0)
DRIVER_OCN_RUN                 80       80 4.608000e+04   4.348591e+05  5437.072 (   137      0)  5433.722 (   101      0)
docn_comp_run                  80       80 4.608000e+04   4.332941e+01     0.574 (   101      0)     0.403 (   100      0)
DOCN_RUN                       80       80 4.608000e+04   4.327792e+01     0.573 (   101      0)     0.401 (   100      0)
rocn_comp_run                  80       80 4.608000e+04   4.342416e+05  5431.533 (   112      0)  5405.818 (   100      0)
DOCN_FINAL                     80       80 8.000000e+01   6.675720e-05     0.000 (   100      0)     0.000 (   102      0)

