
***** GLOBAL STATISTICS (   180 MPI TASKS) *****

$Id: gptl.c,v 1.157 2011-03-28 20:55:18 rosinski Exp $
'count' is cumulative. All other stats are max/min
name                    processes  threads        count      walltotal   wallmax (proc   thrd  )   wallmin (proc   thrd  )
DRIVER_INIT                   180      180 1.800000e+02   2.495356e+03    15.971 (    38      0)    11.229 (   165      0)
driver_init_comps             180      180 1.800000e+02   1.789220e+03     9.952 (    18      0)     9.928 (   100      0)
driver_init_xxx2xxx           180      180 1.800000e+02   1.925950e+01     0.110 (    50      0)     0.102 (   102      0)
driver_init_maps              100      100 1.000000e+02   1.140430e+02     1.146 (     3      0)     1.137 (    64      0)
driver_init_atminit           180      180 1.800000e+02   4.730145e+02     4.732 (    50      0)     0.000 (   102      0)
driver_init_readrestart       180      180 1.800000e+02   7.759738e-02     0.001 (    25      0)     0.000 (   114      0)
DRIVER_RUN_LOOP_BSTART        180      180 1.800000e+02   3.793273e+02     4.742 (   165      0)     0.000 (    99      0)
DRIVER_RUN_LOOP               180      180 1.036800e+05   9.863389e+05  5480.365 (     1      0)  5478.794 (   166      0)
DRIVER_CPL_RUN                180      180 7.720400e+05   2.423157e+03    27.304 (    16      0)     0.054 (   165      0)
DRIVER_CLOCK_ADVANCE          180      180 1.036800e+05   9.995775e+00     0.070 (   100      0)     0.053 (   165      0)
DRIVER_OCNPREP                100      100 1.152000e+05   6.695807e+02     7.844 (    40      0)     5.528 (    84      0)
driver_ocnprep_atm2ocn        100      100 5.760000e+04   6.305525e+02     7.427 (    40      0)     5.121 (    84      0)
DRIVER_ATMOCNP                100      100 5.760000e+04   7.591417e+02     8.386 (    34      0)     6.805 (    58      0)
driver_atmocnp_fluxo          100      100 5.760000e+04   7.227859e+01     1.065 (    50      0)     0.401 (    84      0)
driver_atmocnp_mrgx2o         100      100 5.760000e+04   6.521792e+02     7.493 (    65      0)     5.755 (    58      0)
driver_atmocnp_accum          100      100 5.760000e+04   3.403728e+01     0.432 (    58      0)     0.188 (     9      0)
driver_ocnprep_avg            100      100 5.760000e+04   3.877147e+01     0.424 (     0      0)     0.373 (     9      0)
DRIVER_C2O                    180      180 1.036800e+05   2.468290e+03    25.321 (   100      0)     1.744 (     0      0)
driver_c2o_ocnx2ocno          180      180 1.036800e+05   2.040891e+03    24.206 (   116      0)     1.182 (     1      0)
driver_c2o_infoexch           180      180 1.036800e+05   4.271403e+02     6.263 (    58      0)     0.009 (     0      0)
DRIVER_FRACSET                100      100 5.760000e+04   8.675861e-02     0.001 (     0      0)     0.001 (    34      0)
driver_fracset_fracset        100      100 5.760000e+04   2.602625e-02     0.000 (     0      0)     0.000 (    23      0)
DRIVER_ATMPREP                100      100 5.760000e+04   6.811632e+02     8.899 (    19      0)     6.043 (    96      0)
driver_atmprep_ocn2atmf       100      100 5.760000e+04   3.358253e+02     5.359 (    19      0)     2.988 (    96      0)
driver_atmprep_ocn2atm1       100      100 5.760000e+04   1.528097e+02     3.488 (    17      0)     1.367 (    90      0)
driver_atmprep_ocn2atm2       100      100 5.760000e+04   2.497135e+01     2.218 (    16      0)     0.156 (    95      0)
driver_atmprep_ocn2atmb       100      100 5.760000e+04   1.510549e+02     3.366 (    15      0)     1.343 (    90      0)
driver_atmprep_mrgx2a         100      100 5.760000e+04   1.601145e+01     0.178 (    76      0)     0.148 (    46      0)
DRIVER_C2A                    100      100 5.760000e+04   7.392600e+01     3.443 (     1      0)     0.070 (    19      0)
driver_c2a_atmx2atma          100      100 5.760000e+04   3.409808e+01     3.426 (     1      0)     0.058 (    19      0)
driver_c2a_infoexch           100      100 5.760000e+04   3.967116e+01     1.054 (    89      0)     0.006 (     0      0)
DRIVER_ATM_RUN                100      100 5.760000e+04   4.125467e+05  4131.705 (     4      0)  4118.260 (    99      0)
DRIVER_A2C                    100      100 5.760000e+04   4.885369e+02    11.963 (    99      0)     0.160 (    14      0)
driver_a2c_atma2atmx          100      100 5.760000e+04   2.355286e+02     9.685 (    49      0)     0.128 (    94      0)
driver_a2c_infoexch           100      100 5.760000e+04   2.527869e+02     5.734 (    99      0)     0.006 (     0      0)
DRIVER_ATMPOST                100      100 5.760000e+04   1.769781e-02     0.000 (    40      0)     0.000 (    96      0)
DRIVER_O2C                    180      180 1.036800e+05   1.372583e+05  1319.757 (     0      0)    65.986 (   126      0)
driver_o2c_ocno2ocnx          180      180 1.036800e+05   1.370884e+05  1318.857 (    35      0)    65.858 (   138      0)
driver_o2c_infoexch           180      180 1.036800e+05   1.696025e+02     3.159 (     1      0)     0.004 (   100      0)
DRIVER_OCNPOST                100      100 5.760000e+04   1.229668e-02     0.000 (     9      0)     0.000 (    57      0)
DRIVER_HISTORY                100      100 5.760000e+04   9.264350e-02     0.002 (    90      0)     0.000 (    15      0)
DRIVER_TSTAMP_WRITE           180      180 1.036800e+05   2.752113e-02     0.001 (   100      0)     0.000 (    94      0)
DRIVER_TPROF_WRITE            180      180 1.036800e+05   1.790142e-02     0.000 (   166      0)     0.000 (   126      0)
DRIVER_RESTART                100      100 2.000000e+02   3.024159e+02     3.049 (     1      0)     3.022 (    63      0)
DRIVER_RUN_LOOP_BSTOP         180      180 1.800000e+02   1.266537e+02     1.570 (   101      0)     0.000 (     1      0)
DRIVER_FINAL                  180      180 1.800000e+02   3.984149e+00     0.022 (     0      0)     0.021 (    10      0)
t_prf                           0        0 0.000000e+00   0.000000e+00     0.000 (     0      0)     0.000 (     0      0)
DRIVER_C2O_INITWAIT            80       80 8.000000e+01   2.330255e+00     0.030 (   134      0)     0.028 (   152      0)
DRIVER_OCN_RUN                 80       80 4.608000e+04   4.310756e+05  5389.802 (   128      0)  5386.629 (   101      0)
docn_comp_run                  80       80 4.608000e+04   5.041589e+01     0.679 (   101      0)     0.499 (   100      0)
DOCN_RUN                       80       80 4.608000e+04   5.036656e+01     0.679 (   101      0)     0.498 (   100      0)
rocn_comp_run                  80       80 4.608000e+04   4.304522e+05  5384.233 (   101      0)  5358.535 (   100      0)
DOCN_FINAL                     80       80 8.000000e+01   6.437302e-05     0.000 (   100      0)     0.000 (   101      0)

