
***** GLOBAL STATISTICS (   180 MPI TASKS) *****

$Id: gptl.c,v 1.157 2011-03-28 20:55:18 rosinski Exp $
'count' is cumulative. All other stats are max/min
name                    processes  threads        count      walltotal   wallmax (proc   thrd  )   wallmin (proc   thrd  )
DRIVER_INIT                   180      180 1.800000e+02   2.155038e+03    13.831 (    29      0)     9.648 (   101      0)
driver_init_comps             180      180 1.800000e+02   1.598857e+03     8.895 (     2      0)     8.875 (   101      0)
driver_init_xxx2xxx           180      180 1.800000e+02   1.931121e+01     0.112 (    40      0)     0.100 (   162      0)
driver_init_maps              100      100 1.000000e+02   6.176150e+01     0.625 (    78      0)     0.613 (    40      0)
driver_init_atminit           180      180 1.800000e+02   4.168010e+02     4.170 (    17      0)     0.000 (   103      0)
driver_init_readrestart       180      180 1.800000e+02   6.753206e-02     0.001 (    71      0)     0.000 (   143      0)
DRIVER_RUN_LOOP_BSTART        180      180 1.800000e+02   3.344180e+02     4.181 (   153      0)     0.000 (    71      0)
DRIVER_RUN_LOOP               180      180 1.036800e+05   9.860392e+05  5478.645 (     1      0)  5477.193 (   169      0)
DRIVER_CPL_RUN                180      180 7.720400e+05   2.419071e+03    27.780 (    18      0)     0.055 (   136      0)
DRIVER_CLOCK_ADVANCE          180      180 1.036800e+05   9.971781e+00     0.073 (   100      0)     0.053 (   125      0)
DRIVER_OCNPREP                100      100 1.152000e+05   6.699247e+02     7.791 (    40      0)     5.645 (    86      0)
driver_ocnprep_atm2ocn        100      100 5.760000e+04   6.309103e+02     7.374 (    40      0)     5.238 (    86      0)
DRIVER_ATMOCNP                100      100 5.760000e+04   7.595952e+02     8.491 (    45      0)     6.452 (    59      0)
driver_atmocnp_fluxo          100      100 5.760000e+04   7.220378e+01     1.114 (    50      0)     0.405 (    86      0)
driver_atmocnp_mrgx2o         100      100 5.760000e+04   6.529442e+02     7.268 (    13      0)     5.406 (    59      0)
driver_atmocnp_accum          100      100 5.760000e+04   3.380390e+01     0.451 (    59      0)     0.188 (    50      0)
driver_ocnprep_avg            100      100 5.760000e+04   3.876045e+01     0.427 (    59      0)     0.373 (    13      0)
DRIVER_C2O                    180      180 1.036800e+05   2.596934e+03    26.770 (   100      0)     1.452 (     0      0)
driver_c2o_ocnx2ocno          180      180 1.036800e+05   2.108989e+03    24.818 (   124      0)     0.572 (    59      0)
driver_c2o_infoexch           180      180 1.036800e+05   4.876860e+02     8.334 (    59      0)     0.010 (    14      0)
DRIVER_FRACSET                100      100 5.760000e+04   8.699703e-02     0.001 (     0      0)     0.001 (    29      0)
driver_fracset_fracset        100      100 5.760000e+04   2.673984e-02     0.001 (     0      0)     0.000 (    29      0)
DRIVER_ATMPREP                100      100 5.760000e+04   6.889400e+02     9.467 (    19      0)     6.052 (    93      0)
driver_atmprep_ocn2atmf       100      100 5.760000e+04   3.398464e+02     5.926 (    19      0)     2.999 (    95      0)
driver_atmprep_ocn2atm1       100      100 5.760000e+04   1.545486e+02     3.929 (    17      0)     1.369 (    93      0)
driver_atmprep_ocn2atm2       100      100 5.760000e+04   2.550246e+01     2.150 (    16      0)     0.156 (    86      0)
driver_atmprep_ocn2atmb       100      100 5.760000e+04   1.523545e+02     3.411 (    15      0)     1.346 (    93      0)
driver_atmprep_mrgx2a         100      100 5.760000e+04   1.619244e+01     0.179 (    77      0)     0.147 (    29      0)
DRIVER_C2A                    100      100 5.760000e+04   7.619863e+01     4.249 (     1      0)     0.090 (     9      0)
driver_c2a_atmx2atma          100      100 5.760000e+04   3.843217e+01     4.235 (     1      0)     0.063 (    29      0)
driver_c2a_infoexch           100      100 5.760000e+04   3.760834e+01     1.014 (    87      0)     0.006 (     0      0)
DRIVER_ATM_RUN                100      100 5.760000e+04   4.116787e+05  4124.562 (     4      0)  4108.625 (    99      0)
DRIVER_A2C                    100      100 5.760000e+04   5.732529e+02    13.685 (    99      0)     0.202 (     4      0)
driver_a2c_atma2atmx          100      100 5.760000e+04   2.863281e+02    10.645 (    39      0)     0.132 (    94      0)
driver_a2c_infoexch           100      100 5.760000e+04   2.867026e+02     6.542 (    99      0)     0.006 (     0      0)
DRIVER_ATMPOST                100      100 5.760000e+04   1.759553e-02     0.000 (    40      0)     0.000 (    79      0)
DRIVER_O2C                    180      180 1.036800e+05   1.374284e+05  1325.516 (     0      0)    61.136 (   126      0)
driver_o2c_ocno2ocnx          180      180 1.036800e+05   1.372473e+05  1324.288 (    44      0)    61.047 (   101      0)
driver_o2c_infoexch           180      180 1.036800e+05   1.807631e+02     3.575 (     1      0)     0.005 (   100      0)
DRIVER_OCNPOST                100      100 5.760000e+04   1.218820e-02     0.000 (    70      0)     0.000 (    58      0)
DRIVER_HISTORY                100      100 5.760000e+04   1.264594e-01     0.002 (    10      0)     0.001 (    38      0)
DRIVER_TSTAMP_WRITE           180      180 1.036800e+05   2.863264e-02     0.001 (   100      0)     0.000 (    59      0)
DRIVER_TPROF_WRITE            180      180 1.036800e+05   1.793528e-02     0.000 (   119      0)     0.000 (   137      0)
DRIVER_RESTART                100      100 2.000000e+02   2.897435e+02     2.919 (     1      0)     2.896 (    63      0)
DRIVER_RUN_LOOP_BSTOP         180      180 1.800000e+02   1.172724e+02     1.453 (   101      0)     0.000 (     1      0)
DRIVER_FINAL                  180      180 1.800000e+02   9.773371e+00     0.055 (     0      0)     0.053 (    12      0)
t_prf                           0        0 0.000000e+00   0.000000e+00     0.000 (     0      0)     0.000 (     0      0)
DRIVER_C2O_INITWAIT            80       80 8.000000e+01   2.422756e+00     0.031 (   110      0)     0.029 (   112      0)
DRIVER_OCN_RUN                 80       80 4.608000e+04   4.312620e+05  5392.003 (   135      0)  5389.035 (   101      0)
docn_comp_run                  80       80 4.608000e+04   4.403333e+01     0.575 (   101      0)     0.504 (   100      0)
DOCN_RUN                       80       80 4.608000e+04   4.398446e+01     0.574 (   101      0)     0.502 (   100      0)
rocn_comp_run                  80       80 4.608000e+04   4.306517e+05  5386.780 (   101      0)  5360.980 (   100      0)
DOCN_FINAL                     80       80 8.000000e+01   6.365776e-05     0.000 (   100      0)     0.000 (   102      0)

