
***** GLOBAL STATISTICS (   180 MPI TASKS) *****

$Id: gptl.c,v 1.157 2011-03-28 20:55:18 rosinski Exp $
'count' is cumulative. All other stats are max/min
name                    processes  threads        count      walltotal   wallmax (proc   thrd  )   wallmin (proc   thrd  )
DRIVER_INIT                   180      180 1.800000e+02   1.856411e+03    11.123 (    93      0)     9.301 (   137      0)
driver_init_comps             180      180 1.800000e+02   1.552803e+03     8.638 (     8      0)     8.616 (   100      0)
driver_init_xxx2xxx           180      180 1.800000e+02   1.954658e+01     0.112 (    49      0)     0.099 (   101      0)
driver_init_maps              100      100 1.000000e+02   5.272162e+01     0.535 (     1      0)     0.523 (    40      0)
driver_init_atminit           180      180 1.800000e+02   1.807505e+02     1.809 (    26      0)     0.000 (   102      0)
driver_init_readrestart       180      180 1.800000e+02   6.410980e-02     0.001 (    85      0)     0.000 (   172      0)
DRIVER_RUN_LOOP_BSTART        180      180 1.800000e+02   1.454896e+02     1.819 (   137      0)     0.000 (    93      0)
DRIVER_RUN_LOOP               180      180 1.036800e+05   9.847637e+05  5471.577 (     1      0)  5470.090 (   103      0)
DRIVER_CPL_RUN                180      180 7.720400e+05   2.401041e+03    27.281 (    17      0)     0.055 (   156      0)
DRIVER_CLOCK_ADVANCE          180      180 1.036800e+05   9.977742e+00     0.070 (   100      0)     0.054 (   159      0)
DRIVER_OCNPREP                100      100 1.152000e+05   6.682644e+02     7.867 (    30      0)     5.443 (    84      0)
driver_ocnprep_atm2ocn        100      100 5.760000e+04   6.292699e+02     7.461 (    30      0)     5.031 (    84      0)
DRIVER_ATMOCNP                100      100 5.760000e+04   7.524934e+02     8.444 (    34      0)     6.307 (    59      0)
driver_atmocnp_fluxo          100      100 5.760000e+04   7.244634e+01     1.096 (    50      0)     0.389 (    84      0)
driver_atmocnp_mrgx2o         100      100 5.760000e+04   6.457236e+02     7.197 (    11      0)     5.286 (    59      0)
driver_atmocnp_accum          100      100 5.760000e+04   3.368594e+01     0.453 (    58      0)     0.191 (    51      0)
driver_ocnprep_avg            100      100 5.760000e+04   3.874157e+01     0.420 (    58      0)     0.373 (    51      0)
DRIVER_C2O                    180      180 1.036800e+05   2.598610e+03    25.856 (   100      0)     3.668 (    11      0)
driver_c2o_ocnx2ocno          180      180 1.036800e+05   2.088040e+03    24.660 (   123      0)     0.547 (    57      0)
driver_c2o_infoexch           180      180 1.036800e+05   5.103113e+02     8.422 (    77      0)     0.006 (     0      0)
DRIVER_FRACSET                100      100 5.760000e+04   8.626866e-02     0.001 (    70      0)     0.001 (    99      0)
driver_fracset_fracset        100      100 5.760000e+04   2.604365e-02     0.000 (    20      0)     0.000 (    49      0)
DRIVER_ATMPREP                100      100 5.760000e+04   6.805356e+02     9.040 (    17      0)     6.003 (    87      0)
driver_atmprep_ocn2atmf       100      100 5.760000e+04   3.344692e+02     5.531 (    19      0)     2.964 (    87      0)
driver_atmprep_ocn2atm1       100      100 5.760000e+04   1.531073e+02     3.608 (    17      0)     1.362 (    87      0)
driver_atmprep_ocn2atm2       100      100 5.760000e+04   2.493302e+01     2.286 (    16      0)     0.156 (    88      0)
driver_atmprep_ocn2atmb       100      100 5.760000e+04   1.517721e+02     3.548 (    15      0)     1.345 (    87      0)
driver_atmprep_mrgx2a         100      100 5.760000e+04   1.576811e+01     0.176 (    98      0)     0.147 (    29      0)
DRIVER_C2A                    100      100 5.760000e+04   6.651962e+01     2.393 (    10      0)     0.077 (    29      0)
driver_c2a_atmx2atma          100      100 5.760000e+04   3.671618e+01     2.375 (    10      0)     0.059 (    29      0)
driver_c2a_infoexch           100      100 5.760000e+04   2.964753e+01     0.993 (    99      0)     0.006 (     0      0)
DRIVER_ATM_RUN                100      100 5.760000e+04   4.112057e+05  4116.821 (     4      0)  4105.140 (    99      0)
DRIVER_A2C                    100      100 5.760000e+04   3.333747e+02    10.142 (    99      0)     0.195 (     4      0)
driver_a2c_atma2atmx          100      100 5.760000e+04   2.013041e+02     7.298 (    39      0)     0.133 (    94      0)
driver_a2c_infoexch           100      100 5.760000e+04   1.318508e+02     3.502 (    99      0)     0.006 (     0      0)
DRIVER_ATMPOST                100      100 5.760000e+04   1.734710e-02     0.000 (    10      0)     0.000 (    14      0)
DRIVER_O2C                    180      180 1.036800e+05   1.375085e+05  1325.579 (     0      0)    61.971 (   126      0)
driver_o2c_ocno2ocnx          180      180 1.036800e+05   1.373319e+05  1324.445 (    39      0)    61.919 (   101      0)
driver_o2c_infoexch           180      180 1.036800e+05   1.762478e+02     3.025 (     1      0)     0.004 (   100      0)
DRIVER_OCNPOST                100      100 5.760000e+04   1.236796e-02     0.000 (    80      0)     0.000 (    58      0)
DRIVER_HISTORY                100      100 5.760000e+04   1.144774e-01     0.002 (    70      0)     0.001 (     5      0)
DRIVER_TSTAMP_WRITE           180      180 1.036800e+05   3.061247e-02     0.001 (   100      0)     0.000 (    25      0)
DRIVER_TPROF_WRITE            180      180 1.036800e+05   1.797485e-02     0.000 (   150      0)     0.000 (   173      0)
DRIVER_RESTART                100      100 2.000000e+02   2.888834e+02     2.913 (     1      0)     2.887 (    63      0)
DRIVER_RUN_LOOP_BSTOP         180      180 1.800000e+02   1.202406e+02     1.488 (   101      0)     0.000 (     1      0)
DRIVER_FINAL                  180      180 1.800000e+02   1.708601e+00     0.010 (     0      0)     0.009 (   123      0)
t_prf                           0        0 0.000000e+00   0.000000e+00     0.000 (     0      0)     0.000 (     0      0)
DRIVER_C2O_INITWAIT            80       80 8.000000e+01   2.409872e+00     0.031 (   117      0)     0.029 (   122      0)
DRIVER_OCN_RUN                 80       80 4.608000e+04   4.306455e+05  5384.288 (   131      0)  5381.473 (   101      0)
docn_comp_run                  80       80 4.608000e+04   4.612831e+01     0.637 (   101      0)     0.437 (   100      0)
DOCN_RUN                       80       80 4.608000e+04   4.607871e+01     0.636 (   101      0)     0.436 (   100      0)
rocn_comp_run                  80       80 4.608000e+04   4.300340e+05  5379.170 (   101      0)  5353.546 (   100      0)
DOCN_FINAL                     80       80 8.000000e+01   5.888939e-05     0.000 (   100      0)     0.000 (   102      0)

