
***** GLOBAL STATISTICS (   180 MPI TASKS) *****

$Id: gptl.c,v 1.157 2011-03-28 20:55:18 rosinski Exp $
'count' is cumulative. All other stats are max/min
name                    processes  threads        count      walltotal   wallmax (proc   thrd  )   wallmin (proc   thrd  )
DRIVER_INIT                   180      180 1.800000e+02   2.181739e+03    14.102 (    39      0)     9.646 (   173      0)
driver_init_comps             180      180 1.800000e+02   1.601351e+03     8.907 (    11      0)     8.881 (   101      0)
driver_init_xxx2xxx           180      180 1.800000e+02   2.088429e+01     0.126 (    26      0)     0.105 (   162      0)
driver_init_maps              100      100 1.000000e+02   5.926187e+01     0.600 (    77      0)     0.583 (    26      0)
driver_init_atminit           180      180 1.800000e+02   4.442931e+02     4.444 (    27      0)     0.000 (   103      0)
driver_init_readrestart       180      180 1.800000e+02   7.490897e-02     0.001 (    82      0)     0.000 (    14      0)
DRIVER_RUN_LOOP_BSTART        180      180 1.800000e+02   3.561992e+02     4.453 (   125      0)     0.000 (    82      0)
DRIVER_RUN_LOOP               180      180 1.036800e+05   9.812852e+05  5452.221 (     1      0)  5450.802 (   100      0)
DRIVER_CPL_RUN                180      180 7.720400e+05   2.413142e+03    27.414 (    39      0)     0.055 (   127      0)
DRIVER_CLOCK_ADVANCE          180      180 1.036800e+05   9.995149e+00     0.074 (   100      0)     0.053 (   168      0)
DRIVER_OCNPREP                100      100 1.152000e+05   6.677925e+02     8.197 (    39      0)     5.556 (    84      0)
driver_ocnprep_atm2ocn        100      100 5.760000e+04   6.287428e+02     7.822 (    39      0)     5.149 (    84      0)
DRIVER_ATMOCNP                100      100 5.760000e+04   7.555974e+02     8.485 (    12      0)     6.367 (    58      0)
driver_atmocnp_fluxo          100      100 5.760000e+04   7.249511e+01     1.158 (    38      0)     0.399 (    84      0)
driver_atmocnp_mrgx2o         100      100 5.760000e+04   6.485774e+02     7.194 (    44      0)     5.362 (    58      0)
driver_atmocnp_accum          100      100 5.760000e+04   3.387853e+01     0.485 (     0      0)     0.190 (    51      0)
driver_ocnprep_avg            100      100 5.760000e+04   3.879221e+01     0.443 (     0      0)     0.373 (    38      0)
DRIVER_C2O                    180      180 1.036800e+05   2.433294e+03    24.838 (   100      0)     0.620 (     0      0)
driver_c2o_ocnx2ocno          180      180 1.036800e+05   2.046962e+03    23.526 (   116      0)     0.571 (    58      0)
driver_c2o_infoexch           180      180 1.036800e+05   3.860665e+02     7.416 (    58      0)     0.016 (     0      0)
DRIVER_FRACSET                100      100 5.760000e+04   8.713031e-02     0.002 (     0      0)     0.001 (    85      0)
driver_fracset_fracset        100      100 5.760000e+04   2.654195e-02     0.001 (     0      0)     0.000 (    59      0)
DRIVER_ATMPREP                100      100 5.760000e+04   6.925858e+02     9.094 (     2      0)     6.033 (    90      0)
driver_atmprep_ocn2atmf       100      100 5.760000e+04   3.401203e+02     5.693 (     2      0)     2.990 (    90      0)
driver_atmprep_ocn2atm1       100      100 5.760000e+04   1.550109e+02     2.899 (    17      0)     1.360 (    87      0)
driver_atmprep_ocn2atm2       100      100 5.760000e+04   2.685485e+01     1.617 (    16      0)     0.155 (    89      0)
driver_atmprep_ocn2atmb       100      100 5.760000e+04   1.542182e+02     2.890 (    15      0)     1.341 (    87      0)
driver_atmprep_mrgx2a         100      100 5.760000e+04   1.588965e+01     0.177 (    98      0)     0.145 (    40      0)
DRIVER_C2A                    100      100 5.760000e+04   1.830062e+02     5.290 (     1      0)     0.076 (     9      0)
driver_c2a_atmx2atma          100      100 5.760000e+04   5.536953e+01     5.279 (     0      0)     0.060 (    40      0)
driver_c2a_infoexch           100      100 5.760000e+04   1.274782e+02     2.638 (    92      0)     0.006 (     0      0)
DRIVER_ATM_RUN                100      100 5.760000e+04   4.110690e+05  4116.898 (     4      0)  4102.991 (    99      0)
DRIVER_A2C                    100      100 5.760000e+04   4.563531e+02    11.796 (    99      0)     0.201 (     4      0)
driver_a2c_atma2atmx          100      100 5.760000e+04   2.306845e+02     8.302 (    49      0)     0.152 (    94      0)
driver_a2c_infoexch           100      100 5.760000e+04   2.254479e+02     5.185 (    99      0)     0.005 (     0      0)
DRIVER_ATMPOST                100      100 5.760000e+04   1.778650e-02     0.000 (    10      0)     0.000 (    21      0)
DRIVER_O2C                    180      180 1.036800e+05   1.355783e+05  1305.977 (     0      0)    62.379 (   126      0)
driver_o2c_ocno2ocnx          180      180 1.036800e+05   1.354160e+05  1304.755 (    38      0)    62.317 (   101      0)
driver_o2c_infoexch           180      180 1.036800e+05   1.619534e+02     2.864 (     1      0)     0.005 (   100      0)
DRIVER_OCNPOST                100      100 5.760000e+04   1.223564e-02     0.000 (    72      0)     0.000 (    34      0)
DRIVER_HISTORY                100      100 5.760000e+04   1.066453e-01     0.002 (    42      0)     0.000 (    14      0)
DRIVER_TSTAMP_WRITE           180      180 1.036800e+05   3.517222e-02     0.001 (   100      0)     0.000 (    14      0)
DRIVER_TPROF_WRITE            180      180 1.036800e+05   1.778007e-02     0.000 (   107      0)     0.000 (   142      0)
DRIVER_RESTART                100      100 2.000000e+02   2.862911e+02     2.885 (     1      0)     2.860 (    14      0)
DRIVER_RUN_LOOP_BSTOP         180      180 1.800000e+02   1.141904e+02     1.415 (   101      0)     0.000 (     1      0)
DRIVER_FINAL                  180      180 1.800000e+02   1.572830e+01     0.088 (     0      0)     0.086 (    19      0)
t_prf                           0        0 0.000000e+00   0.000000e+00     0.000 (     0      0)     0.000 (     0      0)
DRIVER_C2O_INITWAIT            80       80 8.000000e+01   2.337661e+00     0.030 (   140      0)     0.028 (   173      0)
DRIVER_OCN_RUN                 80       80 4.608000e+04   4.291477e+05  5365.429 (   130      0)  5362.746 (   101      0)
docn_comp_run                  80       80 4.608000e+04   5.106544e+01     0.659 (   101      0)     0.485 (   100      0)
DOCN_RUN                       80       80 4.608000e+04   5.101628e+01     0.659 (   101      0)     0.484 (   100      0)
rocn_comp_run                  80       80 4.608000e+04   4.285317e+05  5360.431 (   101      0)  5334.988 (   100      0)
DOCN_FINAL                     80       80 8.000000e+01   7.629395e-05     0.000 (   100      0)     0.000 (   101      0)

