
***** GLOBAL STATISTICS (   180 MPI TASKS) *****

$Id: gptl.c,v 1.157 2011-03-28 20:55:18 rosinski Exp $
'count' is cumulative. All other stats are max/min
name                    processes  threads        count      walltotal   wallmax (proc   thrd  )   wallmin (proc   thrd  )
DRIVER_INIT                   180      180 1.800000e+02   2.153537e+03    13.790 (    96      0)     9.682 (   133      0)
driver_init_comps             180      180 1.800000e+02   1.613465e+03     8.975 (    13      0)     8.954 (   100      0)
driver_init_xxx2xxx           180      180 1.800000e+02   1.875069e+01     0.107 (    50      0)     0.097 (   161      0)
driver_init_maps              100      100 1.000000e+02   5.783914e+01     0.584 (    76      0)     0.575 (    50      0)
driver_init_atminit           180      180 1.800000e+02   4.093125e+02     4.097 (    90      0)     0.000 (   102      0)
driver_init_readrestart       180      180 1.800000e+02   3.236008e-02     0.001 (    75      0)     0.000 (    17      0)
DRIVER_RUN_LOOP_BSTART        180      180 1.800000e+02   3.287806e+02     4.107 (   137      0)     0.000 (    95      0)
DRIVER_RUN_LOOP               180      180 1.036800e+05   9.863770e+05  5480.502 (     1      0)  5479.099 (   167      0)
DRIVER_CPL_RUN                180      180 7.720400e+05   2.411934e+03    27.402 (    16      0)     0.055 (   135      0)
DRIVER_CLOCK_ADVANCE          180      180 1.036800e+05   9.999435e+00     0.071 (   100      0)     0.053 (   135      0)
DRIVER_OCNPREP                100      100 1.152000e+05   6.656773e+02     7.825 (    32      0)     5.531 (    85      0)
driver_ocnprep_atm2ocn        100      100 5.760000e+04   6.266918e+02     7.443 (    32      0)     5.134 (    85      0)
DRIVER_ATMOCNP                100      100 5.760000e+04   7.652421e+02     8.467 (    12      0)     6.379 (    58      0)
driver_atmocnp_fluxo          100      100 5.760000e+04   7.297800e+01     1.031 (    46      0)     0.399 (    83      0)
driver_atmocnp_mrgx2o         100      100 5.760000e+04   6.579268e+02     7.619 (    71      0)     5.356 (    58      0)
driver_atmocnp_accum          100      100 5.760000e+04   3.369473e+01     0.475 (    59      0)     0.195 (     8      0)
driver_ocnprep_avg            100      100 5.760000e+04   3.873139e+01     0.427 (    58      0)     0.373 (     8      0)
DRIVER_C2O                    180      180 1.036800e+05   2.518768e+03    26.133 (   100      0)     1.229 (     0      0)
driver_c2o_ocnx2ocno          180      180 1.036800e+05   2.091278e+03    24.584 (   116      0)     0.559 (    58      0)
driver_c2o_infoexch           180      180 1.036800e+05   4.272285e+02     7.956 (    58      0)     0.010 (    10      0)
DRIVER_FRACSET                100      100 5.760000e+04   8.632421e-02     0.001 (     0      0)     0.001 (    25      0)
driver_fracset_fracset        100      100 5.760000e+04   2.589130e-02     0.001 (     0      0)     0.000 (    48      0)
DRIVER_ATMPREP                100      100 5.760000e+04   6.848122e+02     8.922 (    19      0)     6.020 (    92      0)
driver_atmprep_ocn2atmf       100      100 5.760000e+04   3.379891e+02     5.531 (    19      0)     2.969 (    92      0)
driver_atmprep_ocn2atm1       100      100 5.760000e+04   1.527394e+02     3.627 (    17      0)     1.362 (    88      0)
driver_atmprep_ocn2atm2       100      100 5.760000e+04   2.531691e+01     2.345 (    16      0)     0.155 (    94      0)
driver_atmprep_ocn2atmb       100      100 5.760000e+04   1.522572e+02     3.619 (    15      0)     1.344 (    83      0)
driver_atmprep_mrgx2a         100      100 5.760000e+04   1.602311e+01     0.178 (    76      0)     0.147 (    26      0)
DRIVER_C2A                    100      100 5.760000e+04   6.728708e+01     4.123 (     1      0)     0.075 (    26      0)
driver_c2a_atmx2atma          100      100 5.760000e+04   3.973358e+01     4.111 (     0      0)     0.060 (    50      0)
driver_c2a_infoexch           100      100 5.760000e+04   2.739688e+01     0.742 (    99      0)     0.006 (     0      0)
DRIVER_ATM_RUN                100      100 5.760000e+04   4.110264e+05  4115.716 (     4      0)  4102.529 (    99      0)
DRIVER_A2C                    100      100 5.760000e+04   4.179487e+02    11.764 (    99      0)     0.177 (    14      0)
driver_a2c_atma2atmx          100      100 5.760000e+04   2.507227e+02     9.067 (    49      0)     0.123 (    94      0)
driver_a2c_infoexch           100      100 5.760000e+04   1.670038e+02     3.935 (    99      0)     0.005 (     0      0)
DRIVER_ATMPOST                100      100 5.760000e+04   1.755023e-02     0.000 (    30      0)     0.000 (    62      0)
DRIVER_O2C                    180      180 1.036800e+05   1.383097e+05  1335.871 (     0      0)    59.076 (   126      0)
driver_o2c_ocno2ocnx          180      180 1.036800e+05   1.381220e+05  1334.697 (    39      0)    59.050 (   101      0)
driver_o2c_infoexch           180      180 1.036800e+05   1.874358e+02     3.561 (     1      0)     0.006 (   100      0)
DRIVER_OCNPOST                100      100 5.760000e+04   1.211691e-02     0.000 (    89      0)     0.000 (     7      0)
DRIVER_HISTORY                100      100 5.760000e+04   1.072881e-01     0.002 (    10      0)     0.000 (    45      0)
DRIVER_TSTAMP_WRITE           180      180 1.036800e+05   4.351282e-02     0.001 (   158      0)     0.000 (    74      0)
DRIVER_TPROF_WRITE            180      180 1.036800e+05   1.760006e-02     0.000 (    88      0)     0.000 (   176      0)
DRIVER_RESTART                100      100 2.000000e+02   2.853122e+02     2.876 (     1      0)     2.851 (    19      0)
DRIVER_RUN_LOOP_BSTOP         180      180 1.800000e+02   1.131396e+02     1.401 (   100      0)     0.000 (     1      0)
DRIVER_FINAL                  180      180 1.800000e+02   4.055274e+00     0.023 (     0      0)     0.021 (    10      0)
t_prf                           0        0 0.000000e+00   0.000000e+00     0.000 (     0      0)     0.000 (     0      0)
DRIVER_C2O_INITWAIT            80       80 8.000000e+01   2.324395e+00     0.030 (   169      0)     0.028 (   104      0)
DRIVER_OCN_RUN                 80       80 4.608000e+04   4.316206e+05  5396.638 (   135      0)  5393.388 (   101      0)
docn_comp_run                  80       80 4.608000e+04   5.060567e+01     0.667 (   101      0)     0.500 (   100      0)
DOCN_RUN                       80       80 4.608000e+04   5.055594e+01     0.666 (   101      0)     0.499 (   100      0)
rocn_comp_run                  80       80 4.608000e+04   4.309875e+05  5391.015 (   101      0)  5365.381 (   100      0)
DOCN_FINAL                     80       80 8.000000e+01   5.960464e-05     0.000 (   100      0)     0.000 (   101      0)

