
***** GLOBAL STATISTICS (   180 MPI TASKS) *****

$Id: gptl.c,v 1.157 2011-03-28 20:55:18 rosinski Exp $
'count' is cumulative. All other stats are max/min
name                    processes  threads        count      walltotal   wallmax (proc   thrd  )   wallmin (proc   thrd  )
DRIVER_INIT                   180      180 1.800000e+02   2.082998e+03    13.407 (    85      0)     9.279 (   121      0)
driver_init_comps             180      180 1.800000e+02   1.543794e+03     8.588 (    10      0)     8.565 (   100      0)
driver_init_xxx2xxx           180      180 1.800000e+02   1.906866e+01     0.109 (    55      0)     0.102 (   110      0)
driver_init_maps              100      100 1.000000e+02   5.540698e+01     0.560 (     1      0)     0.551 (    99      0)
driver_init_atminit           180      180 1.800000e+02   4.115362e+02     4.118 (    96      0)     0.000 (   101      0)
driver_init_readrestart       180      180 1.800000e+02   3.226304e-02     0.001 (    71      0)     0.000 (    35      0)
DRIVER_RUN_LOOP_BSTART        180      180 1.800000e+02   3.303399e+02     4.128 (   117      0)     0.000 (    96      0)
DRIVER_RUN_LOOP               180      180 1.036800e+05   9.786008e+05  5437.336 (     1      0)  5435.850 (   100      0)
DRIVER_CPL_RUN                180      180 7.720400e+05   2.422895e+03    27.730 (    18      0)     0.055 (   117      0)
DRIVER_CLOCK_ADVANCE          180      180 1.036800e+05   1.003744e+01     0.087 (    50      0)     0.053 (   117      0)
DRIVER_OCNPREP                100      100 1.152000e+05   6.715056e+02     7.886 (    30      0)     5.557 (    84      0)
driver_ocnprep_atm2ocn        100      100 5.760000e+04   6.324862e+02     7.495 (    28      0)     5.155 (    84      0)
DRIVER_ATMOCNP                100      100 5.760000e+04   7.598652e+02     8.520 (    13      0)     6.563 (     0      0)
driver_atmocnp_fluxo          100      100 5.760000e+04   7.271174e+01     1.080 (    34      0)     0.395 (    83      0)
driver_atmocnp_mrgx2o         100      100 5.760000e+04   6.523620e+02     7.340 (    13      0)     5.552 (     0      0)
driver_atmocnp_accum          100      100 5.760000e+04   3.414523e+01     0.458 (     0      0)     0.186 (    50      0)
driver_ocnprep_avg            100      100 5.760000e+04   3.876998e+01     0.436 (     0      0)     0.373 (    51      0)
DRIVER_C2O                    180      180 1.036800e+05   2.475942e+03    25.315 (   100      0)     0.679 (     0      0)
driver_c2o_ocnx2ocno          180      180 1.036800e+05   2.025148e+03    23.886 (   124      0)     0.636 (     2      0)
driver_c2o_infoexch           180      180 1.036800e+05   4.505358e+02     7.446 (   100      0)     0.014 (     0      0)
DRIVER_FRACSET                100      100 5.760000e+04   8.667374e-02     0.002 (     0      0)     0.001 (    19      0)
driver_fracset_fracset        100      100 5.760000e+04   2.641082e-02     0.001 (     0      0)     0.000 (    39      0)
DRIVER_ATMPREP                100      100 5.760000e+04   6.886360e+02     9.740 (     2      0)     6.063 (    90      0)
driver_atmprep_ocn2atmf       100      100 5.760000e+04   3.403720e+02     6.411 (     2      0)     3.015 (    93      0)
driver_atmprep_ocn2atm1       100      100 5.760000e+04   1.535649e+02     3.764 (    17      0)     1.365 (    90      0)
driver_atmprep_ocn2atm2       100      100 5.760000e+04   2.619176e+01     2.485 (    16      0)     0.156 (    97      0)
driver_atmprep_ocn2atmb       100      100 5.760000e+04   1.521654e+02     3.747 (    15      0)     1.345 (    89      0)
driver_atmprep_mrgx2a         100      100 5.760000e+04   1.585520e+01     0.174 (    91      0)     0.146 (    29      0)
DRIVER_C2A                    100      100 5.760000e+04   8.791164e+01     4.974 (     1      0)     0.068 (     9      0)
driver_c2a_atmx2atma          100      100 5.760000e+04   4.609246e+01     4.964 (     0      0)     0.058 (     9      0)
driver_c2a_infoexch           100      100 5.760000e+04   4.166376e+01     1.147 (    96      0)     0.006 (     0      0)
DRIVER_ATM_RUN                100      100 5.760000e+04   4.105210e+05  4109.995 (     4      0)  4098.037 (    99      0)
DRIVER_A2C                    100      100 5.760000e+04   3.350981e+02    10.406 (    99      0)     0.201 (    14      0)
driver_a2c_atma2atmx          100      100 5.760000e+04   1.944327e+02     7.338 (    49      0)     0.133 (    94      0)
driver_a2c_infoexch           100      100 5.760000e+04   1.404455e+02     3.362 (    93      0)     0.006 (     0      0)
DRIVER_ATMPOST                100      100 5.760000e+04   1.750374e-02     0.000 (    20      0)     0.000 (    53      0)
DRIVER_O2C                    180      180 1.036800e+05   1.350207e+05  1298.752 (     0      0)    64.726 (   126      0)
driver_o2c_ocno2ocnx          180      180 1.036800e+05   1.348522e+05  1297.195 (    45      0)    64.595 (   101      0)
driver_o2c_infoexch           180      180 1.036800e+05   1.681911e+02     2.932 (     1      0)     0.005 (   100      0)
DRIVER_OCNPOST                100      100 5.760000e+04   1.218891e-02     0.000 (     9      0)     0.000 (    88      0)
DRIVER_HISTORY                100      100 5.760000e+04   1.109118e-01     0.002 (    60      0)     0.001 (    87      0)
DRIVER_TSTAMP_WRITE           180      180 1.036800e+05   2.933168e-02     0.001 (   100      0)     0.000 (    77      0)
DRIVER_TPROF_WRITE            180      180 1.036800e+05   1.738071e-02     0.000 (     9      0)     0.000 (   167      0)
DRIVER_RESTART                100      100 2.000000e+02   2.919732e+02     2.949 (     1      0)     2.918 (    63      0)
DRIVER_RUN_LOOP_BSTOP         180      180 1.800000e+02   1.200776e+02     1.488 (   101      0)     0.000 (     1      0)
DRIVER_FINAL                  180      180 1.800000e+02   8.387628e+00     0.047 (     0      0)     0.046 (    12      0)
t_prf                           0        0 0.000000e+00   0.000000e+00     0.000 (     0      0)     0.000 (     0      0)
DRIVER_C2O_INITWAIT            80       80 8.000000e+01   2.368175e+00     0.031 (   177      0)     0.029 (   104      0)
DRIVER_OCN_RUN                 80       80 4.608000e+04   4.277328e+05  5347.795 (   136      0)  5345.255 (   101      0)
docn_comp_run                  80       80 4.608000e+04   4.485911e+01     0.595 (   101      0)     0.419 (   100      0)
DOCN_RUN                       80       80 4.608000e+04   4.481000e+01     0.594 (   101      0)     0.418 (   100      0)
rocn_comp_run                  80       80 4.608000e+04   4.271292e+05  5342.884 (   101      0)  5317.257 (   100      0)
DOCN_FINAL                     80       80 8.000000e+01   6.055832e-05     0.000 (   100      0)     0.000 (   101      0)

