
***** GLOBAL STATISTICS (   180 MPI TASKS) *****

$Id: gptl.c,v 1.157 2011-03-28 20:55:18 rosinski Exp $
'count' is cumulative. All other stats are max/min
name                    processes  threads        count      walltotal   wallmax (proc   thrd  )   wallmin (proc   thrd  )
DRIVER_INIT                   180      180 1.800000e+02   2.138619e+03    13.851 (    96      0)     9.420 (   101      0)
driver_init_comps             180      180 1.800000e+02   1.573353e+03     8.755 (    14      0)     8.731 (   101      0)
driver_init_xxx2xxx           180      180 1.800000e+02   1.890366e+01     0.108 (    10      0)     0.096 (   100      0)
driver_init_maps              100      100 1.000000e+02   5.302951e+01     0.539 (     0      0)     0.527 (    10      0)
driver_init_atminit           180      180 1.800000e+02   4.415803e+02     4.418 (    93      0)     0.000 (   102      0)
driver_init_readrestart       180      180 1.800000e+02   4.719949e-02     0.001 (    58      0)     0.000 (   109      0)
DRIVER_RUN_LOOP_BSTART        180      180 1.800000e+02   3.543798e+02     4.429 (   101      0)     0.000 (    83      0)
DRIVER_RUN_LOOP               180      180 1.036800e+05   9.933901e+05  5519.493 (     1      0)  5518.021 (   100      0)
DRIVER_CPL_RUN                180      180 7.720400e+05   2.431956e+03    28.084 (    18      0)     0.055 (   126      0)
DRIVER_CLOCK_ADVANCE          180      180 1.036800e+05   1.001395e+01     0.069 (   100      0)     0.053 (   126      0)
DRIVER_OCNPREP                100      100 1.152000e+05   6.692053e+02     7.855 (    28      0)     5.614 (    83      0)
driver_ocnprep_atm2ocn        100      100 5.760000e+04   6.301786e+02     7.439 (    28      0)     5.204 (    93      0)
DRIVER_ATMOCNP                100      100 5.760000e+04   7.632820e+02     8.629 (    27      0)     6.343 (     0      0)
driver_atmocnp_fluxo          100      100 5.760000e+04   7.251734e+01     1.114 (    50      0)     0.401 (    83      0)
driver_atmocnp_mrgx2o         100      100 5.760000e+04   6.562869e+02     7.367 (    69      0)     5.364 (     0      0)
driver_atmocnp_accum          100      100 5.760000e+04   3.382535e+01     0.450 (     1      0)     0.187 (    50      0)
driver_ocnprep_avg            100      100 5.760000e+04   3.877301e+01     0.438 (     0      0)     0.373 (    69      0)
DRIVER_C2O                    180      180 1.036800e+05   2.485773e+03    26.192 (   100      0)     0.491 (     2      0)
driver_c2o_ocnx2ocno          180      180 1.036800e+05   2.035718e+03    24.249 (   116      0)     0.353 (     2      0)
driver_c2o_infoexch           180      180 1.036800e+05   4.497965e+02     8.103 (   100      0)     0.015 (     0      0)
DRIVER_FRACSET                100      100 5.760000e+04   8.762860e-02     0.002 (     0      0)     0.001 (    35      0)
driver_fracset_fracset        100      100 5.760000e+04   2.686954e-02     0.001 (     0      0)     0.000 (    36      0)
DRIVER_ATMPREP                100      100 5.760000e+04   6.946273e+02     9.712 (    19      0)     5.988 (    95      0)
driver_atmprep_ocn2atmf       100      100 5.760000e+04   3.411323e+02     6.189 (    19      0)     2.950 (    95      0)
driver_atmprep_ocn2atm1       100      100 5.760000e+04   1.559749e+02     4.276 (    17      0)     1.363 (    83      0)
driver_atmprep_ocn2atm2       100      100 5.760000e+04   2.712194e+01     3.019 (    16      0)     0.155 (    89      0)
driver_atmprep_ocn2atmb       100      100 5.760000e+04   1.540802e+02     4.288 (    15      0)     1.342 (    99      0)
driver_atmprep_mrgx2a         100      100 5.760000e+04   1.582682e+01     0.171 (    60      0)     0.148 (     9      0)
DRIVER_C2A                    100      100 5.760000e+04   8.354281e+01     5.342 (     1      0)     0.067 (     9      0)
driver_c2a_atmx2atma          100      100 5.760000e+04   5.225959e+01     5.333 (     0      0)     0.057 (     9      0)
driver_c2a_infoexch           100      100 5.760000e+04   3.112585e+01     0.874 (    91      0)     0.006 (     0      0)
DRIVER_ATM_RUN                100      100 5.760000e+04   4.116028e+05  4122.473 (     4      0)  4108.866 (    99      0)
DRIVER_A2C                    100      100 5.760000e+04   4.558189e+02    11.584 (    99      0)     0.201 (     4      0)
driver_a2c_atma2atmx          100      100 5.760000e+04   2.686132e+02     9.302 (    49      0)     0.134 (    74      0)
driver_a2c_infoexch           100      100 5.760000e+04   1.869852e+02     4.689 (    99      0)     0.006 (     0      0)
DRIVER_ATMPOST                100      100 5.760000e+04   1.778984e-02     0.000 (    40      0)     0.000 (    63      0)
DRIVER_O2C                    180      180 1.036800e+05   1.416552e+05  1368.810 (     0      0)    59.944 (   126      0)
driver_o2c_ocno2ocnx          180      180 1.036800e+05   1.414696e+05  1367.470 (    39      0)    59.917 (   101      0)
driver_o2c_infoexch           180      180 1.036800e+05   1.853206e+02     3.604 (     1      0)     0.005 (   100      0)
DRIVER_OCNPOST                100      100 5.760000e+04   1.250935e-02     0.000 (    69      0)     0.000 (    36      0)
DRIVER_HISTORY                100      100 5.760000e+04   1.160080e-01     0.002 (    99      0)     0.001 (     4      0)
DRIVER_TSTAMP_WRITE           180      180 1.036800e+05   4.160905e-02     0.001 (   100      0)     0.000 (    78      0)
DRIVER_TPROF_WRITE            180      180 1.036800e+05   1.753330e-02     0.000 (   104      0)     0.000 (   136      0)
DRIVER_RESTART                100      100 2.000000e+02   2.939313e+02     2.962 (     1      0)     2.938 (    63      0)
DRIVER_RUN_LOOP_BSTOP         180      180 1.800000e+02   1.186980e+02     1.473 (   100      0)     0.000 (     1      0)
DRIVER_FINAL                  180      180 1.800000e+02   1.796700e+00     0.010 (     0      0)     0.009 (    10      0)
t_prf                           0        0 0.000000e+00   0.000000e+00     0.000 (     0      0)     0.000 (     0      0)
DRIVER_C2O_INITWAIT            80       80 8.000000e+01   2.419298e+00     0.031 (   163      0)     0.029 (   104      0)
DRIVER_OCN_RUN                 80       80 4.608000e+04   4.346704e+05  5434.614 (   135      0)  5431.540 (   101      0)
docn_comp_run                  80       80 4.608000e+04   4.634491e+01     0.603 (   101      0)     0.416 (   100      0)
DOCN_RUN                       80       80 4.608000e+04   4.629569e+01     0.603 (   101      0)     0.415 (   100      0)
rocn_comp_run                  80       80 4.608000e+04   4.340592e+05  5429.346 (   112      0)  5403.977 (   100      0)
DOCN_FINAL                     80       80 8.000000e+01   6.318092e-05     0.000 (   100      0)     0.000 (   101      0)

