
***** GLOBAL STATISTICS (   180 MPI TASKS) *****

$Id: gptl.c,v 1.157 2011-03-28 20:55:18 rosinski Exp $
'count' is cumulative. All other stats are max/min
name                    processes  threads        count      walltotal   wallmax (proc   thrd  )   wallmin (proc   thrd  )
DRIVER_INIT                   180      180 1.800000e+02   2.239364e+03    14.531 (    29      0)     9.829 (   158      0)
driver_init_comps             180      180 1.800000e+02   1.652213e+03     9.193 (    12      0)     9.171 (   124      0)
driver_init_xxx2xxx           180      180 1.800000e+02   1.906560e+01     0.109 (    49      0)     0.100 (   161      0)
driver_init_maps              100      100 1.000000e+02   5.039153e+01     0.510 (    67      0)     0.501 (    40      0)
driver_init_atminit           180      180 1.800000e+02   4.686987e+02     4.689 (    82      0)     0.000 (   112      0)
driver_init_readrestart       180      180 1.800000e+02   5.633163e-02     0.001 (    27      0)     0.000 (   138      0)
DRIVER_RUN_LOOP_BSTART        180      180 1.800000e+02   3.758715e+02     4.699 (   158      0)     0.000 (    53      0)
DRIVER_RUN_LOOP               180      180 1.036800e+05   9.842520e+05  5468.711 (     1      0)  5467.268 (   100      0)
DRIVER_CPL_RUN                180      180 7.720400e+05   2.406960e+03    27.285 (     2      0)     0.055 (   158      0)
DRIVER_CLOCK_ADVANCE          180      180 1.036800e+05   9.993022e+00     0.069 (   100      0)     0.053 (   158      0)
DRIVER_OCNPREP                100      100 1.152000e+05   6.703255e+02     7.900 (    41      0)     5.613 (    92      0)
driver_ocnprep_atm2ocn        100      100 5.760000e+04   6.313108e+02     7.499 (    41      0)     5.215 (    92      0)
DRIVER_ATMOCNP                100      100 5.760000e+04   7.569921e+02     8.472 (    35      0)     6.719 (     0      0)
driver_atmocnp_fluxo          100      100 5.760000e+04   7.258057e+01     1.091 (    32      0)     0.405 (    84      0)
driver_atmocnp_mrgx2o         100      100 5.760000e+04   6.498788e+02     7.213 (    65      0)     5.609 (    50      0)
driver_atmocnp_accum          100      100 5.760000e+04   3.388999e+01     0.450 (    58      0)     0.191 (     8      0)
driver_ocnprep_avg            100      100 5.760000e+04   3.876069e+01     0.434 (     0      0)     0.373 (     8      0)
DRIVER_C2O                    180      180 1.036800e+05   2.536235e+03    25.293 (   100      0)     1.244 (     0      0)
driver_c2o_ocnx2ocno          180      180 1.036800e+05   2.113676e+03    24.384 (   108      0)     0.775 (     2      0)
driver_c2o_infoexch           180      180 1.036800e+05   4.222971e+02     6.755 (   100      0)     0.013 (     0      0)
DRIVER_FRACSET                100      100 5.760000e+04   8.686256e-02     0.001 (     0      0)     0.001 (    25      0)
driver_fracset_fracset        100      100 5.760000e+04   2.603173e-02     0.001 (     0      0)     0.000 (    69      0)
DRIVER_ATMPREP                100      100 5.760000e+04   6.817499e+02    10.931 (     2      0)     6.025 (    95      0)
driver_atmprep_ocn2atmf       100      100 5.760000e+04   3.377094e+02     6.722 (     2      0)     2.989 (    83      0)
driver_atmprep_ocn2atm1       100      100 5.760000e+04   1.527124e+02     2.329 (     7      0)     1.363 (    95      0)
driver_atmprep_ocn2atm2       100      100 5.760000e+04   2.394941e+01     1.060 (     6      0)     0.156 (    84      0)
driver_atmprep_ocn2atmb       100      100 5.760000e+04   1.509856e+02     2.358 (     5      0)     1.344 (    95      0)
driver_atmprep_mrgx2a         100      100 5.760000e+04   1.590583e+01     0.184 (    20      0)     0.148 (    29      0)
DRIVER_C2A                    100      100 5.760000e+04   8.481796e+01     6.299 (     1      0)     0.068 (     9      0)
driver_c2a_atmx2atma          100      100 5.760000e+04   3.717024e+01     6.289 (     0      0)     0.058 (     8      0)
driver_c2a_infoexch           100      100 5.760000e+04   4.749120e+01     1.070 (    96      0)     0.007 (     0      0)
DRIVER_ATM_RUN                100      100 5.760000e+04   4.108596e+05  4112.375 (    13      0)  4102.094 (    99      0)
DRIVER_A2C                    100      100 5.760000e+04   3.900688e+02    10.468 (    99      0)     0.183 (    13      0)
driver_a2c_atma2atmx          100      100 5.760000e+04   2.195593e+02     8.394 (    49      0)     0.132 (    94      0)
driver_a2c_infoexch           100      100 5.760000e+04   1.702880e+02     3.887 (    99      0)     0.006 (     0      0)
DRIVER_ATMPOST                100      100 5.760000e+04   1.761436e-02     0.000 (    40      0)     0.000 (    52      0)
DRIVER_O2C                    180      180 1.036800e+05   1.375983e+05  1325.700 (     0      0)    63.019 (   126      0)
driver_o2c_ocno2ocnx          180      180 1.036800e+05   1.374211e+05  1324.378 (    35      0)    62.907 (   101      0)
driver_o2c_infoexch           180      180 1.036800e+05   1.769454e+02     2.833 (     1      0)     0.005 (   100      0)
DRIVER_OCNPOST                100      100 5.760000e+04   1.214314e-02     0.000 (     9      0)     0.000 (    58      0)
DRIVER_HISTORY                100      100 5.760000e+04   1.141191e-01     0.002 (    50      0)     0.001 (    72      0)
DRIVER_TSTAMP_WRITE           180      180 1.036800e+05   3.684473e-02     0.001 (   100      0)     0.000 (    94      0)
DRIVER_TPROF_WRITE            180      180 1.036800e+05   1.778579e-02     0.000 (    80      0)     0.000 (    71      0)
DRIVER_RESTART                100      100 2.000000e+02   2.870132e+02     2.891 (     1      0)     2.868 (    63      0)
DRIVER_RUN_LOOP_BSTOP         180      180 1.800000e+02   1.161172e+02     1.443 (   100      0)     0.000 (     1      0)
DRIVER_FINAL                  180      180 1.800000e+02   6.942913e+00     0.039 (     0      0)     0.037 (    15      0)
t_prf                           0        0 0.000000e+00   0.000000e+00     0.000 (     0      0)     0.000 (     0      0)
DRIVER_C2O_INITWAIT            80       80 8.000000e+01   2.409702e+00     0.031 (   105      0)     0.029 (   104      0)
DRIVER_OCN_RUN                 80       80 4.608000e+04   4.303714e+05  5380.797 (   135      0)  5378.199 (   101      0)
docn_comp_run                  80       80 4.608000e+04   6.430436e+01     0.827 (   101      0)     0.690 (   100      0)
DOCN_RUN                       80       80 4.608000e+04   6.425692e+01     0.827 (   101      0)     0.689 (   100      0)
rocn_comp_run                  80       80 4.608000e+04   4.297389e+05  5375.670 (   101      0)  5349.942 (   100      0)
DOCN_FINAL                     80       80 8.000000e+01   6.747246e-05     0.000 (   100      0)     0.000 (   101      0)

