
***** GLOBAL STATISTICS (   180 MPI TASKS) *****

$Id: gptl.c,v 1.157 2011-03-28 20:55:18 rosinski Exp $
'count' is cumulative. All other stats are max/min
name                    processes  threads        count      walltotal   wallmax (proc   thrd  )   wallmin (proc   thrd  )
DRIVER_INIT                   180      180 1.800000e+02   2.141883e+03    13.807 (    31      0)     9.516 (   109      0)
driver_init_comps             180      180 1.800000e+02   1.581950e+03     8.804 (    10      0)     8.777 (   101      0)
driver_init_xxx2xxx           180      180 1.800000e+02   1.881505e+01     0.108 (    55      0)     0.101 (    77      0)
driver_init_maps              100      100 1.000000e+02   5.754794e+01     0.580 (     7      0)     0.572 (    59      0)
driver_init_atminit           180      180 1.800000e+02   4.278155e+02     4.279 (    64      0)     0.000 (   100      0)
driver_init_readrestart       180      180 1.800000e+02   4.248285e-02     0.001 (    91      0)     0.000 (    59      0)
DRIVER_RUN_LOOP_BSTART        180      180 1.800000e+02   3.432884e+02     4.290 (   109      0)     0.000 (    91      0)
DRIVER_RUN_LOOP               180      180 1.036800e+05   9.880138e+05  5489.598 (     1      0)  5488.189 (   101      0)
DRIVER_CPL_RUN                180      180 7.720400e+05   2.408891e+03    27.532 (    18      0)     0.055 (   105      0)
DRIVER_CLOCK_ADVANCE          180      180 1.036800e+05   1.003976e+01     0.072 (   100      0)     0.053 (    17      0)
DRIVER_OCNPREP                100      100 1.152000e+05   6.699669e+02     7.839 (    40      0)     5.642 (    83      0)
driver_ocnprep_atm2ocn        100      100 5.760000e+04   6.309464e+02     7.453 (    40      0)     5.240 (    83      0)
DRIVER_ATMOCNP                100      100 5.760000e+04   7.597860e+02     8.688 (    36      0)     6.377 (     1      0)
driver_atmocnp_fluxo          100      100 5.760000e+04   7.265943e+01     1.097 (    50      0)     0.403 (    84      0)
driver_atmocnp_mrgx2o         100      100 5.760000e+04   6.522191e+02     7.329 (    36      0)     5.371 (     1      0)
driver_atmocnp_accum          100      100 5.760000e+04   3.426537e+01     0.468 (     1      0)     0.183 (    50      0)
driver_ocnprep_avg            100      100 5.760000e+04   3.876505e+01     0.434 (     0      0)     0.373 (    51      0)
DRIVER_C2O                    180      180 1.036800e+05   2.566090e+03    26.412 (   100      0)     0.603 (     0      0)
driver_c2o_ocnx2ocno          180      180 1.036800e+05   2.129706e+03    24.773 (   116      0)     0.460 (     1      0)
driver_c2o_infoexch           180      180 1.036800e+05   4.361233e+02     8.405 (   100      0)     0.009 (    10      0)
DRIVER_FRACSET                100      100 5.760000e+04   8.701682e-02     0.002 (     0      0)     0.001 (    25      0)
driver_fracset_fracset        100      100 5.760000e+04   2.630925e-02     0.001 (     0      0)     0.000 (    38      0)
DRIVER_ATMPREP                100      100 5.760000e+04   6.844306e+02     9.586 (     2      0)     6.038 (    85      0)
driver_atmprep_ocn2atmf       100      100 5.760000e+04   3.393968e+02     6.021 (     2      0)     3.007 (    85      0)
driver_atmprep_ocn2atm1       100      100 5.760000e+04   1.526837e+02     3.807 (    17      0)     1.361 (    85      0)
driver_atmprep_ocn2atm2       100      100 5.760000e+04   2.485807e+01     2.469 (    16      0)     0.156 (    87      0)
driver_atmprep_ocn2atmb       100      100 5.760000e+04   1.509096e+02     3.761 (    15      0)     1.343 (    85      0)
driver_atmprep_mrgx2a         100      100 5.760000e+04   1.608906e+01     0.174 (    80      0)     0.147 (    29      0)
DRIVER_C2A                    100      100 5.760000e+04   7.640667e+01     6.309 (     1      0)     0.069 (     9      0)
driver_c2a_atmx2atma          100      100 5.760000e+04   4.189040e+01     6.299 (     0      0)     0.057 (     9      0)
driver_c2a_infoexch           100      100 5.760000e+04   3.435810e+01     0.982 (    99      0)     0.006 (    10      0)
DRIVER_ATM_RUN                100      100 5.760000e+04   4.115415e+05  4121.505 (     4      0)  4107.766 (    99      0)
DRIVER_A2C                    100      100 5.760000e+04   4.713647e+02    12.237 (    99      0)     0.210 (     4      0)
driver_a2c_atma2atmx          100      100 5.760000e+04   2.493280e+02     9.196 (    39      0)     0.128 (    94      0)
driver_a2c_infoexch           100      100 5.760000e+04   2.218162e+02     5.125 (    99      0)     0.006 (     0      0)
DRIVER_ATMPOST                100      100 5.760000e+04   1.754093e-02     0.000 (     0      0)     0.000 (    74      0)
DRIVER_O2C                    180      180 1.036800e+05   1.390296e+05  1339.073 (     0      0)    64.229 (   126      0)
driver_o2c_ocno2ocnx          180      180 1.036800e+05   1.388394e+05  1337.764 (    44      0)    64.119 (   101      0)
driver_o2c_infoexch           180      180 1.036800e+05   1.898710e+02     3.604 (     1      0)     0.005 (   100      0)
DRIVER_OCNPOST                100      100 5.760000e+04   1.232982e-02     0.000 (    89      0)     0.000 (     5      0)
DRIVER_HISTORY                100      100 5.760000e+04   1.067166e-01     0.002 (    50      0)     0.000 (     3      0)
DRIVER_TSTAMP_WRITE           180      180 1.036800e+05   4.359126e-02     0.001 (   153      0)     0.000 (    93      0)
DRIVER_TPROF_WRITE            180      180 1.036800e+05   1.765132e-02     0.000 (    69      0)     0.000 (   133      0)
DRIVER_RESTART                100      100 2.000000e+02   2.837744e+02     2.861 (     1      0)     2.836 (    63      0)
DRIVER_RUN_LOOP_BSTOP         180      180 1.800000e+02   1.136062e+02     1.406 (   101      0)     0.000 (     1      0)
DRIVER_FINAL                  180      180 1.800000e+02   1.906069e+00     0.011 (     0      0)     0.011 (   127      0)
t_prf                           0        0 0.000000e+00   0.000000e+00     0.000 (     0      0)     0.000 (     0      0)
DRIVER_C2O_INITWAIT            80       80 8.000000e+01   2.381304e+00     0.031 (   111      0)     0.029 (   123      0)
DRIVER_OCN_RUN                 80       80 4.608000e+04   4.319154e+05  5400.276 (   137      0)  5396.930 (   101      0)
docn_comp_run                  80       80 4.608000e+04   4.483075e+01     0.588 (   101      0)     0.419 (   100      0)
DOCN_RUN                       80       80 4.608000e+04   4.478194e+01     0.587 (   101      0)     0.418 (   100      0)
rocn_comp_run                  80       80 4.608000e+04   4.312914e+05  5394.688 (   101      0)  5368.950 (   100      0)
DOCN_FINAL                     80       80 8.000000e+01   6.389618e-05     0.000 (   100      0)     0.000 (   102      0)

