
***** GLOBAL STATISTICS (   180 MPI TASKS) *****

$Id: gptl.c,v 1.157 2011-03-28 20:55:18 rosinski Exp $
'count' is cumulative. All other stats are max/min
name                    processes  threads        count      walltotal   wallmax (proc   thrd  )   wallmin (proc   thrd  )
DRIVER_INIT                   180      180 1.800000e+02   2.148741e+03    13.824 (    30      0)     9.579 (   117      0)
driver_init_comps             180      180 1.800000e+02   1.586943e+03     8.830 (    15      0)     8.805 (   107      0)
driver_init_xxx2xxx           180      180 1.800000e+02   1.935279e+01     0.112 (    14      0)     0.103 (    82      0)
driver_init_maps              100      100 1.000000e+02   6.109514e+01     0.616 (     1      0)     0.608 (    15      0)
driver_init_atminit           180      180 1.800000e+02   4.232557e+02     4.234 (    84      0)     0.000 (   100      0)
driver_init_readrestart       180      180 1.800000e+02   4.776001e-02     0.001 (    67      0)     0.000 (   152      0)
DRIVER_RUN_LOOP_BSTART        180      180 1.800000e+02   3.396479e+02     4.246 (   117      0)     0.000 (    67      0)
DRIVER_RUN_LOOP               180      180 1.036800e+05   9.889526e+05  5494.844 (     1      0)  5493.365 (   109      0)
DRIVER_CPL_RUN                180      180 7.720400e+05   2.417840e+03    26.170 (    17      0)     0.055 (   114      0)
DRIVER_CLOCK_ADVANCE          180      180 1.036800e+05   1.001681e+01     0.072 (   100      0)     0.053 (   114      0)
DRIVER_OCNPREP                100      100 1.152000e+05   6.696569e+02     7.858 (    31      0)     5.578 (    84      0)
driver_ocnprep_atm2ocn        100      100 5.760000e+04   6.305709e+02     7.465 (    31      0)     5.176 (    85      0)
DRIVER_ATMOCNP                100      100 5.760000e+04   7.621800e+02     8.505 (    43      0)     6.285 (    59      0)
driver_atmocnp_fluxo          100      100 5.760000e+04   7.127161e+01     1.069 (    50      0)     0.402 (    84      0)
driver_atmocnp_mrgx2o         100      100 5.760000e+04   6.555811e+02     7.294 (    67      0)     5.262 (    59      0)
driver_atmocnp_accum          100      100 5.760000e+04   3.466519e+01     0.429 (    58      0)     0.188 (    51      0)
driver_ocnprep_avg            100      100 5.760000e+04   3.882618e+01     0.429 (    59      0)     0.373 (    51      0)
DRIVER_C2O                    180      180 1.036800e+05   2.488535e+03    25.802 (   100      0)     3.907 (     0      0)
driver_c2o_ocnx2ocno          180      180 1.036800e+05   2.109988e+03    24.067 (   124      0)     0.488 (    59      0)
driver_c2o_infoexch           180      180 1.036800e+05   3.782872e+02     7.628 (    59      0)     0.007 (     0      0)
DRIVER_FRACSET                100      100 5.760000e+04   8.637452e-02     0.001 (    60      0)     0.001 (    49      0)
driver_fracset_fracset        100      100 5.760000e+04   2.563620e-02     0.000 (    60      0)     0.000 (    44      0)
DRIVER_ATMPREP                100      100 5.760000e+04   6.766256e+02     7.837 (    19      0)     6.019 (    87      0)
driver_atmprep_ocn2atmf       100      100 5.760000e+04   3.325416e+02     4.170 (    19      0)     2.986 (    87      0)
driver_atmprep_ocn2atm1       100      100 5.760000e+04   1.524566e+02     2.081 (    17      0)     1.362 (    87      0)
driver_atmprep_ocn2atm2       100      100 5.760000e+04   2.445329e+01     0.801 (    16      0)     0.155 (    90      0)
driver_atmprep_ocn2atmb       100      100 5.760000e+04   1.508836e+02     2.038 (    15      0)     1.344 (    87      0)
driver_atmprep_mrgx2a         100      100 5.760000e+04   1.579764e+01     0.174 (    91      0)     0.145 (    29      0)
DRIVER_C2A                    100      100 5.760000e+04   8.298612e+01     1.663 (     1      0)     0.069 (     9      0)
driver_c2a_atmx2atma          100      100 5.760000e+04   3.401799e+01     1.649 (     1      0)     0.057 (     9      0)
driver_c2a_infoexch           100      100 5.760000e+04   4.881309e+01     1.230 (    99      0)     0.006 (     0      0)
DRIVER_ATM_RUN                100      100 5.760000e+04   4.105309e+05  4110.862 (     4      0)  4097.927 (    99      0)
DRIVER_A2C                    100      100 5.760000e+04   5.067126e+02    12.312 (    99      0)     0.193 (    14      0)
driver_a2c_atma2atmx          100      100 5.760000e+04   2.788402e+02    10.397 (    39      0)     0.132 (    94      0)
driver_a2c_infoexch           100      100 5.760000e+04   2.276494e+02     5.343 (    99      0)     0.006 (     0      0)
DRIVER_ATMPOST                100      100 5.760000e+04   1.749277e-02     0.000 (    10      0)     0.000 (    81      0)
DRIVER_O2C                    180      180 1.036800e+05   1.402338e+05  1354.026 (     0      0)    60.366 (   126      0)
driver_o2c_ocno2ocnx          180      180 1.036800e+05   1.400624e+05  1353.020 (    35      0)    60.261 (   138      0)
driver_o2c_infoexch           180      180 1.036800e+05   1.710633e+02     3.567 (     1      0)     0.005 (   100      0)
DRIVER_OCNPOST                100      100 5.760000e+04   1.217604e-02     0.000 (     9      0)     0.000 (    87      0)
DRIVER_HISTORY                100      100 5.760000e+04   1.123035e-01     0.001 (    37      0)     0.001 (    46      0)
DRIVER_TSTAMP_WRITE           180      180 1.036800e+05   4.264688e-02     0.001 (   150      0)     0.000 (    48      0)
DRIVER_TPROF_WRITE            180      180 1.036800e+05   1.778913e-02     0.000 (   125      0)     0.000 (   167      0)
DRIVER_RESTART                100      100 2.000000e+02   2.984639e+02     3.009 (     1      0)     2.983 (    63      0)
DRIVER_RUN_LOOP_BSTOP         180      180 1.800000e+02   1.192267e+02     1.478 (   101      0)     0.000 (     1      0)
DRIVER_FINAL                  180      180 1.800000e+02   1.941505e+00     0.011 (     0      0)     0.009 (    17      0)
t_prf                           0        0 0.000000e+00   0.000000e+00     0.000 (     0      0)     0.000 (     0      0)
DRIVER_C2O_INITWAIT            80       80 8.000000e+01   2.341377e+00     0.031 (   146      0)     0.028 (   107      0)
DRIVER_OCN_RUN                 80       80 4.608000e+04   4.326875e+05  5409.980 (   131      0)  5406.704 (   101      0)
docn_comp_run                  80       80 4.608000e+04   4.536404e+01     0.591 (   170      0)     0.445 (   100      0)
DOCN_RUN                       80       80 4.608000e+04   4.531596e+01     0.590 (   170      0)     0.444 (   100      0)
rocn_comp_run                  80       80 4.608000e+04   4.320609e+05  5404.343 (   101      0)  5379.049 (   100      0)
DOCN_FINAL                     80       80 8.000000e+01   5.865097e-05     0.000 (   100      0)     0.000 (   101      0)

