
***** GLOBAL STATISTICS (   180 MPI TASKS) *****

$Id: gptl.c,v 1.157 2011-03-28 20:55:18 rosinski Exp $
'count' is cumulative. All other stats are max/min
name                    processes  threads        count      walltotal   wallmax (proc   thrd  )   wallmin (proc   thrd  )
DRIVER_INIT                   180      180 1.800000e+02   2.099575e+03    13.545 (    72      0)     9.313 (   173      0)
driver_init_comps             180      180 1.800000e+02   1.557533e+03     8.667 (    11      0)     8.643 (   100      0)
driver_init_xxx2xxx           180      180 1.800000e+02   1.908278e+01     0.110 (     5      0)     0.100 (    52      0)
driver_init_maps              100      100 1.000000e+02   5.152260e+01     0.520 (    87      0)     0.511 (    15      0)
driver_init_atminit           180      180 1.800000e+02   4.217089e+02     4.219 (    78      0)     0.000 (   110      0)
driver_init_readrestart       180      180 1.800000e+02   5.898738e-02     0.001 (    84      0)     0.000 (    39      0)
DRIVER_RUN_LOOP_BSTART        180      180 1.800000e+02   3.383410e+02     4.229 (   101      0)     0.000 (    95      0)
DRIVER_RUN_LOOP               180      180 1.036800e+05   9.918106e+05  5510.703 (     1      0)  5509.265 (   169      0)
DRIVER_CPL_RUN                180      180 7.720400e+05   2.411289e+03    26.838 (    19      0)     0.055 (   177      0)
DRIVER_CLOCK_ADVANCE          180      180 1.036800e+05   1.001012e+01     0.072 (   100      0)     0.053 (   177      0)
DRIVER_OCNPREP                100      100 1.152000e+05   6.695278e+02     7.841 (    40      0)     5.627 (    85      0)
driver_ocnprep_atm2ocn        100      100 5.760000e+04   6.303719e+02     7.424 (    40      0)     5.234 (    85      0)
DRIVER_ATMOCNP                100      100 5.760000e+04   7.594784e+02     8.725 (    36      0)     6.045 (     0      0)
driver_atmocnp_fluxo          100      100 5.760000e+04   7.203814e+01     1.096 (    33      0)     0.408 (    99      0)
driver_atmocnp_mrgx2o         100      100 5.760000e+04   6.521609e+02     7.336 (    36      0)     5.094 (     0      0)
driver_atmocnp_accum          100      100 5.760000e+04   3.462808e+01     0.443 (     0      0)     0.197 (    50      0)
driver_ocnprep_avg            100      100 5.760000e+04   3.889830e+01     0.441 (     0      0)     0.373 (    51      0)
DRIVER_C2O                    180      180 1.036800e+05   2.522792e+03    25.851 (   100      0)     0.458 (     0      0)
driver_c2o_ocnx2ocno          180      180 1.036800e+05   2.115713e+03    24.278 (   124      0)     0.437 (     0      0)
driver_c2o_infoexch           180      180 1.036800e+05   4.068199e+02     7.758 (   100      0)     0.017 (     0      0)
DRIVER_FRACSET                100      100 5.760000e+04   8.788729e-02     0.002 (     0      0)     0.001 (    14      0)
driver_fracset_fracset        100      100 5.760000e+04   2.686095e-02     0.001 (     0      0)     0.000 (    88      0)
DRIVER_ATMPREP                100      100 5.760000e+04   6.855863e+02    10.183 (     2      0)     6.049 (    92      0)
driver_atmprep_ocn2atmf       100      100 5.760000e+04   3.396751e+02     6.029 (     2      0)     2.991 (    92      0)
driver_atmprep_ocn2atm1       100      100 5.760000e+04   1.537288e+02     3.210 (    17      0)     1.368 (    87      0)
driver_atmprep_ocn2atm2       100      100 5.760000e+04   2.475224e+01     1.885 (    16      0)     0.155 (    96      0)
driver_atmprep_ocn2atmb       100      100 5.760000e+04   1.511208e+02     3.146 (    15      0)     1.345 (    89      0)
driver_atmprep_mrgx2a         100      100 5.760000e+04   1.581903e+01     0.172 (    88      0)     0.148 (    26      0)
DRIVER_C2A                    100      100 5.760000e+04   7.213628e+01     5.765 (     1      0)     0.069 (     9      0)
driver_c2a_atmx2atma          100      100 5.760000e+04   4.104490e+01     5.755 (     0      0)     0.059 (     9      0)
driver_c2a_infoexch           100      100 5.760000e+04   3.093530e+01     0.978 (    89      0)     0.006 (     0      0)
DRIVER_ATM_RUN                100      100 5.760000e+04   4.096590e+05  4101.802 (     4      0)  4088.995 (    99      0)
DRIVER_A2C                    100      100 5.760000e+04   4.124628e+02    11.583 (    99      0)     0.182 (     4      0)
driver_a2c_atma2atmx          100      100 5.760000e+04   2.216374e+02     8.917 (    49      0)     0.131 (    14      0)
driver_a2c_infoexch           100      100 5.760000e+04   1.906058e+02     4.345 (    96      0)     0.006 (     0      0)
DRIVER_ATMPOST                100      100 5.760000e+04   1.746607e-02     0.000 (    20      0)     0.000 (    64      0)
DRIVER_O2C                    180      180 1.036800e+05   1.427800e+05  1379.721 (     0      0)    60.199 (   126      0)
driver_o2c_ocno2ocnx          180      180 1.036800e+05   1.426005e+05  1378.557 (    39      0)    60.107 (   101      0)
driver_o2c_infoexch           180      180 1.036800e+05   1.791451e+02     3.311 (     1      0)     0.005 (   100      0)
DRIVER_OCNPOST                100      100 5.760000e+04   1.215100e-02     0.000 (     9      0)     0.000 (    95      0)
DRIVER_HISTORY                100      100 5.760000e+04   1.101961e-01     0.001 (    47      0)     0.000 (    63      0)
DRIVER_TSTAMP_WRITE           180      180 1.036800e+05   3.042293e-02     0.001 (   100      0)     0.000 (    16      0)
DRIVER_TPROF_WRITE            180      180 1.036800e+05   1.775813e-02     0.000 (   108      0)     0.000 (    34      0)
DRIVER_RESTART                100      100 2.000000e+02   2.858031e+02     2.883 (     1      0)     2.856 (    19      0)
DRIVER_RUN_LOOP_BSTOP         180      180 1.800000e+02   1.161137e+02     1.439 (   101      0)     0.000 (     1      0)
DRIVER_FINAL                  180      180 1.800000e+02   2.915904e+00     0.017 (     0      0)     0.015 (    15      0)
t_prf                           0        0 0.000000e+00   0.000000e+00     0.000 (     0      0)     0.000 (     0      0)
DRIVER_C2O_INITWAIT            80       80 8.000000e+01   2.443911e+00     0.032 (   131      0)     0.029 (   176      0)
DRIVER_OCN_RUN                 80       80 4.608000e+04   4.339484e+05  5425.679 (   136      0)  5422.479 (   101      0)
docn_comp_run                  80       80 4.608000e+04   4.915511e+01     0.637 (   101      0)     0.471 (   100      0)
DOCN_RUN                       80       80 4.608000e+04   4.910439e+01     0.636 (   101      0)     0.469 (   100      0)
rocn_comp_run                  80       80 4.608000e+04   4.333267e+05  5420.179 (   101      0)  5394.476 (   100      0)
DOCN_FINAL                     80       80 8.000000e+01   5.936623e-05     0.000 (   100      0)     0.000 (   101      0)

