
***** GLOBAL STATISTICS (   180 MPI TASKS) *****

$Id: gptl.c,v 1.157 2011-03-28 20:55:18 rosinski Exp $
'count' is cumulative. All other stats are max/min
name                    processes  threads        count      walltotal   wallmax (proc   thrd  )   wallmin (proc   thrd  )
DRIVER_INIT                   180      180 1.800000e+02   2.434211e+03    15.859 (    33      0)    10.718 (   165      0)
driver_init_comps             180      180 1.800000e+02   1.694560e+03     9.431 (    18      0)     9.403 (   100      0)
driver_init_xxx2xxx           180      180 1.800000e+02   2.482947e+01     0.144 (    15      0)     0.132 (   162      0)
driver_init_maps              100      100 1.000000e+02   1.117578e+02     1.123 (    78      0)     1.112 (     5      0)
driver_init_atminit           180      180 1.800000e+02   5.035922e+02     5.128 (    75      0)     0.000 (   106      0)
driver_init_readrestart       180      180 1.800000e+02   7.903719e-02     0.002 (    26      0)     0.000 (    19      0)
DRIVER_RUN_LOOP_BSTART        180      180 1.800000e+02   4.202211e+02     5.140 (   110      0)     0.000 (    33      0)
DRIVER_RUN_LOOP               180      180 1.036800e+05   1.281822e+06  7121.921 (     1      0)  7120.388 (   100      0)
DRIVER_CPL_RUN                180      180 7.720400e+05   2.704621e+03    41.830 (    29      0)     0.055 (   128      0)
DRIVER_CLOCK_ADVANCE          180      180 1.036800e+05   1.077745e+01     0.104 (    30      0)     0.054 (    57      0)
DRIVER_OCNPREP                100      100 1.152000e+05   7.842137e+02    13.139 (    29      0)     5.572 (    84      0)
driver_ocnprep_atm2ocn        100      100 5.760000e+04   7.386899e+02    12.474 (    29      0)     5.154 (    84      0)
DRIVER_ATMOCNP                100      100 5.760000e+04   7.646390e+02    11.781 (    39      0)     2.854 (    40      0)
driver_atmocnp_fluxo          100      100 5.760000e+04   7.983161e+01     1.634 (    30      0)     0.396 (    84      0)
driver_atmocnp_mrgx2o         100      100 5.760000e+04   6.487029e+02     9.779 (    39      0)     1.736 (    40      0)
driver_atmocnp_accum          100      100 5.760000e+04   3.539694e+01     0.533 (    23      0)     0.174 (    40      0)
driver_ocnprep_avg            100      100 5.760000e+04   4.524125e+01     0.760 (    30      0)     0.373 (    18      0)
DRIVER_C2O                    180      180 1.036800e+05   3.216378e+03    30.530 (   100      0)     0.677 (     0      0)
driver_c2o_ocnx2ocno          180      180 1.036800e+05   2.059666e+03    29.095 (   124      0)     0.454 (    23      0)
driver_c2o_infoexch           180      180 1.036800e+05   1.156428e+03    13.305 (   100      0)     0.014 (     0      0)
DRIVER_FRACSET                100      100 5.760000e+04   9.870195e-02     0.002 (    30      0)     0.001 (    99      0)
driver_fracset_fracset        100      100 5.760000e+04   2.968979e-02     0.001 (     0      0)     0.000 (    69      0)
DRIVER_ATMPREP                100      100 5.760000e+04   8.538049e+02    17.391 (    29      0)     5.995 (    83      0)
driver_atmprep_ocn2atmf       100      100 5.760000e+04   4.046539e+02    10.665 (    29      0)     2.968 (    83      0)
driver_atmprep_ocn2atm1       100      100 5.760000e+04   1.933228e+02     7.417 (    27      0)     1.360 (    83      0)
driver_atmprep_ocn2atm2       100      100 5.760000e+04   4.430353e+01     5.367 (    16      0)     0.155 (    85      0)
driver_atmprep_ocn2atmb       100      100 5.760000e+04   1.928765e+02     7.200 (    25      0)     1.341 (    86      0)
driver_atmprep_mrgx2a         100      100 5.760000e+04   1.808707e+01     0.302 (    32      0)     0.145 (    44      0)
DRIVER_C2A                    100      100 5.760000e+04   5.255544e+02     8.765 (    14      0)     0.066 (     9      0)
driver_c2a_atmx2atma          100      100 5.760000e+04   1.570426e+02     8.740 (    14      0)     0.053 (    40      0)
driver_c2a_infoexch           100      100 5.760000e+04   3.683303e+02     7.336 (    89      0)     0.006 (    10      0)
DRIVER_ATM_RUN                100      100 5.760000e+04   6.864168e+05  6884.076 (     4      0)  6839.727 (    99      0)
DRIVER_A2C                    100      100 5.760000e+04   7.519468e+02    29.824 (    99      0)     0.279 (     4      0)
driver_a2c_atma2atmx          100      100 5.760000e+04   2.143262e+02     8.595 (    39      0)     0.137 (    94      0)
driver_a2c_infoexch           100      100 5.760000e+04   5.373681e+02    23.915 (    99      0)     0.006 (     0      0)
DRIVER_ATMPOST                100      100 5.760000e+04   2.029276e-02     0.000 (    30      0)     0.000 (    94      0)
DRIVER_O2C                    180      180 1.036800e+05   1.541972e+05  1666.894 (   169      0)   208.737 (    99      0)
driver_o2c_ocno2ocnx          180      180 1.036800e+05   1.540738e+05  1666.468 (   112      0)   207.223 (     2      0)
driver_o2c_infoexch           180      180 1.036800e+05   1.231423e+02     2.591 (     2      0)     0.005 (   100      0)
DRIVER_OCNPOST                100      100 5.760000e+04   1.325464e-02     0.000 (    38      0)     0.000 (    44      0)
DRIVER_HISTORY                100      100 5.760000e+04   1.194739e-01     0.002 (    38      0)     0.000 (    83      0)
DRIVER_TSTAMP_WRITE           180      180 1.036800e+05   3.113651e-02     0.001 (   100      0)     0.000 (    96      0)
DRIVER_TPROF_WRITE            180      180 1.036800e+05   1.900673e-02     0.000 (    39      0)     0.000 (   125      0)
DRIVER_RESTART                100      100 2.000000e+02   2.902285e+02     2.925 (     1      0)     2.900 (    63      0)
DRIVER_RUN_LOOP_BSTOP         180      180 1.800000e+02   1.235885e+02     1.532 (   101      0)     0.000 (     1      0)
DRIVER_FINAL                  180      180 1.800000e+02   1.127530e+01     0.063 (     0      0)     0.062 (    19      0)
t_prf                           0        0 0.000000e+00   0.000000e+00     0.000 (     0      0)     0.000 (     0      0)
DRIVER_C2O_INITWAIT            80       80 8.000000e+01   3.647930e+00     0.047 (   168      0)     0.045 (   111      0)
DRIVER_OCN_RUN                 80       80 4.608000e+04   4.340025e+05  5426.317 (   135      0)  5423.292 (   101      0)
docn_comp_run                  80       80 4.608000e+04   5.826686e+01     0.748 (   172      0)     0.638 (   100      0)
DOCN_RUN                       80       80 4.608000e+04   5.821782e+01     0.747 (   172      0)     0.637 (   100      0)
rocn_comp_run                  80       80 4.608000e+04   4.333716e+05  5420.914 (   101      0)  5395.130 (   100      0)
DOCN_FINAL                     80       80 8.000000e+01   6.580353e-05     0.000 (   100      0)     0.000 (   101      0)

