
***** GLOBAL STATISTICS (   180 MPI TASKS) *****

$Id: gptl.c,v 1.157 2011-03-28 20:55:18 rosinski Exp $
'count' is cumulative. All other stats are max/min
name                    processes  threads        count      walltotal   wallmax (proc   thrd  )   wallmin (proc   thrd  )
DRIVER_INIT                   180      180 1.800000e+02   2.205499e+03    14.161 (    35      0)     9.869 (   101      0)
driver_init_comps             180      180 1.800000e+02   1.642547e+03     9.142 (    16      0)     9.116 (   101      0)
driver_init_xxx2xxx           180      180 1.800000e+02   1.925698e+01     0.110 (    70      0)     0.102 (   163      0)
driver_init_maps              100      100 1.000000e+02   5.965576e+01     0.601 (    52      0)     0.593 (    50      0)
driver_init_atminit           180      180 1.800000e+02   4.274878e+02     4.279 (    91      0)     0.000 (   108      0)
driver_init_readrestart       180      180 1.800000e+02   1.735926e-02     0.001 (     6      0)     0.000 (    39      0)
DRIVER_RUN_LOOP_BSTART        180      180 1.800000e+02   3.434037e+02     4.291 (   165      0)     0.000 (    86      0)
DRIVER_RUN_LOOP               180      180 1.036800e+05   9.849109e+05  5472.412 (     1      0)  5470.886 (   100      0)
DRIVER_CPL_RUN                180      180 7.720400e+05   2.431680e+03    27.838 (    18      0)     0.055 (   126      0)
DRIVER_CLOCK_ADVANCE          180      180 1.036800e+05   1.001876e+01     0.069 (   100      0)     0.054 (   165      0)
DRIVER_OCNPREP                100      100 1.152000e+05   6.705781e+02     7.908 (    36      0)     5.534 (    83      0)
driver_ocnprep_atm2ocn        100      100 5.760000e+04   6.315264e+02     7.525 (    38      0)     5.122 (    83      0)
DRIVER_ATMOCNP                100      100 5.760000e+04   7.665269e+02     8.569 (    40      0)     5.924 (     0      0)
driver_atmocnp_fluxo          100      100 5.760000e+04   7.289302e+01     1.087 (    50      0)     0.394 (    83      0)
driver_atmocnp_mrgx2o         100      100 5.760000e+04   6.589084e+02     7.392 (    12      0)     4.980 (     0      0)
driver_atmocnp_accum          100      100 5.760000e+04   3.407232e+01     0.445 (    58      0)     0.193 (    50      0)
driver_ocnprep_avg            100      100 5.760000e+04   3.879047e+01     0.442 (     0      0)     0.373 (    12      0)
DRIVER_C2O                    180      180 1.036800e+05   2.459428e+03    25.700 (   100      0)     0.423 (     1      0)
driver_c2o_ocnx2ocno          180      180 1.036800e+05   2.038087e+03    24.524 (   116      0)     0.354 (     1      0)
driver_c2o_infoexch           180      180 1.036800e+05   4.210817e+02     7.687 (   100      0)     0.013 (    10      0)
DRIVER_FRACSET                100      100 5.760000e+04   8.789396e-02     0.002 (     0      0)     0.001 (    14      0)
driver_fracset_fracset        100      100 5.760000e+04   2.642989e-02     0.001 (     0      0)     0.000 (    49      0)
DRIVER_ATMPREP                100      100 5.760000e+04   6.843064e+02     9.222 (     2      0)     6.025 (    87      0)
driver_atmprep_ocn2atmf       100      100 5.760000e+04   3.386012e+02     5.691 (     2      0)     2.992 (    96      0)
driver_atmprep_ocn2atm1       100      100 5.760000e+04   1.528986e+02     3.726 (    17      0)     1.364 (    87      0)
driver_atmprep_ocn2atm2       100      100 5.760000e+04   2.497418e+01     2.461 (    16      0)     0.156 (    88      0)
driver_atmprep_ocn2atmb       100      100 5.760000e+04   1.512228e+02     3.786 (    15      0)     1.342 (    84      0)
driver_atmprep_mrgx2a         100      100 5.760000e+04   1.611410e+01     0.183 (    76      0)     0.149 (    39      0)
DRIVER_C2A                    100      100 5.760000e+04   7.662687e+01     5.525 (     1      0)     0.068 (     9      0)
driver_c2a_atmx2atma          100      100 5.760000e+04   4.343677e+01     5.513 (     0      0)     0.058 (     9      0)
driver_c2a_infoexch           100      100 5.760000e+04   3.303261e+01     0.834 (    96      0)     0.007 (    10      0)
DRIVER_ATM_RUN                100      100 5.760000e+04   4.117184e+05  4122.325 (     4      0)  4110.377 (    99      0)
DRIVER_A2C                    100      100 5.760000e+04   4.064582e+02    10.850 (    99      0)     0.183 (     4      0)
driver_a2c_atma2atmx          100      100 5.760000e+04   2.305589e+02     8.882 (    49      0)     0.136 (    14      0)
driver_a2c_infoexch           100      100 5.760000e+04   1.756776e+02     4.092 (    99      0)     0.006 (     0      0)
DRIVER_ATMPOST                100      100 5.760000e+04   1.781011e-02     0.000 (    90      0)     0.000 (    53      0)
DRIVER_O2C                    180      180 1.036800e+05   1.370906e+05  1321.465 (     0      0)    62.411 (   126      0)
driver_o2c_ocno2ocnx          180      180 1.036800e+05   1.369143e+05  1319.872 (    35      0)    62.248 (   101      0)
driver_o2c_infoexch           180      180 1.036800e+05   1.760763e+02     3.472 (     1      0)     0.005 (   100      0)
DRIVER_OCNPOST                100      100 5.760000e+04   1.218152e-02     0.000 (    82      0)     0.000 (    43      0)
DRIVER_HISTORY                100      100 5.760000e+04   1.127150e-01     0.002 (    91      0)     0.000 (    63      0)
DRIVER_TSTAMP_WRITE           180      180 1.036800e+05   2.882123e-02     0.001 (   100      0)     0.000 (    29      0)
DRIVER_TPROF_WRITE            180      180 1.036800e+05   1.761866e-02     0.000 (    79      0)     0.000 (   113      0)
DRIVER_RESTART                100      100 2.000000e+02   2.993666e+02     3.020 (     1      0)     2.992 (    63      0)
DRIVER_RUN_LOOP_BSTOP         180      180 1.800000e+02   1.232490e+02     1.525 (   101      0)     0.000 (     1      0)
DRIVER_FINAL                  180      180 1.800000e+02   7.620685e+00     0.043 (     0      0)     0.042 (   125      0)
t_prf                           0        0 0.000000e+00   0.000000e+00     0.000 (     0      0)     0.000 (     0      0)
DRIVER_C2O_INITWAIT            80       80 8.000000e+01   2.364043e+00     0.030 (   173      0)     0.029 (   144      0)
DRIVER_OCN_RUN                 80       80 4.608000e+04   4.307233e+05  5385.415 (   135      0)  5382.071 (   101      0)
docn_comp_run                  80       80 4.608000e+04   5.150094e+01     0.741 (   101      0)     0.500 (   100      0)
DOCN_RUN                       80       80 4.608000e+04   5.145113e+01     0.740 (   101      0)     0.499 (   100      0)
rocn_comp_run                  80       80 4.608000e+04   4.300957e+05  5379.608 (   101      0)  5353.867 (   100      0)
DOCN_FINAL                     80       80 8.000000e+01   6.532669e-05     0.000 (   100      0)     0.000 (   101      0)

