
***** GLOBAL STATISTICS (   180 MPI TASKS) *****

$Id: gptl.c,v 1.157 2011-03-28 20:55:18 rosinski Exp $
'count' is cumulative. All other stats are max/min
name                    processes  threads        count      walltotal   wallmax (proc   thrd  )   wallmin (proc   thrd  )
DRIVER_INIT                   180      180 1.800000e+02   2.191266e+03    14.162 (    78      0)     9.688 (   155      0)
driver_init_comps             180      180 1.800000e+02   1.610703e+03     8.957 (    25      0)     8.938 (   100      0)
driver_init_xxx2xxx           180      180 1.800000e+02   1.948925e+01     0.111 (    74      0)     0.102 (    77      0)
driver_init_maps              100      100 1.000000e+02   5.908300e+01     0.597 (    42      0)     0.588 (    65      0)
driver_init_atminit           180      180 1.800000e+02   4.459640e+02     4.461 (    94      0)     0.000 (   100      0)
driver_init_readrestart       180      180 1.800000e+02   6.527805e-02     0.001 (    65      0)     0.000 (    19      0)
DRIVER_RUN_LOOP_BSTART        180      180 1.800000e+02   3.578001e+02     4.473 (   101      0)     0.000 (    78      0)
DRIVER_RUN_LOOP               180      180 1.036800e+05   9.872778e+05  5485.514 (     1      0)  5484.094 (   100      0)
DRIVER_CPL_RUN                180      180 7.720400e+05   2.420659e+03    27.632 (    15      0)     0.055 (   108      0)
DRIVER_CLOCK_ADVANCE          180      180 1.036800e+05   1.000114e+01     0.070 (   100      0)     0.053 (   158      0)
DRIVER_OCNPREP                100      100 1.152000e+05   6.755724e+02     8.137 (    39      0)     5.493 (    83      0)
driver_ocnprep_atm2ocn        100      100 5.760000e+04   6.365870e+02     7.737 (    39      0)     5.097 (    83      0)
DRIVER_ATMOCNP                100      100 5.760000e+04   7.542815e+02     8.593 (    34      0)     5.800 (     0      0)
driver_atmocnp_fluxo          100      100 5.760000e+04   7.252769e+01     1.101 (    31      0)     0.394 (    83      0)
driver_atmocnp_mrgx2o         100      100 5.760000e+04   6.477461e+02     7.261 (    34      0)     4.864 (     0      0)
driver_atmocnp_accum          100      100 5.760000e+04   3.335537e+01     0.441 (    58      0)     0.186 (    50      0)
driver_ocnprep_avg            100      100 5.760000e+04   3.872773e+01     0.440 (     0      0)     0.373 (    51      0)
DRIVER_C2O                    180      180 1.036800e+05   2.543263e+03    26.152 (   100      0)     0.432 (     0      0)
driver_c2o_ocnx2ocno          180      180 1.036800e+05   2.067679e+03    24.898 (   116      0)     0.409 (     0      0)
driver_c2o_infoexch           180      180 1.036800e+05   4.753221e+02     8.037 (   100      0)     0.014 (    10      0)
DRIVER_FRACSET                100      100 5.760000e+04   8.896947e-02     0.002 (     0      0)     0.001 (    14      0)
driver_fracset_fracset        100      100 5.760000e+04   2.666402e-02     0.001 (     0      0)     0.000 (    47      0)
DRIVER_ATMPREP                100      100 5.760000e+04   6.911198e+02     9.871 (     2      0)     6.020 (    89      0)
driver_atmprep_ocn2atmf       100      100 5.760000e+04   3.418679e+02     6.236 (     2      0)     2.983 (    89      0)
driver_atmprep_ocn2atm1       100      100 5.760000e+04   1.543920e+02     3.854 (    17      0)     1.363 (    95      0)
driver_atmprep_ocn2atm2       100      100 5.760000e+04   2.608991e+01     2.584 (    16      0)     0.157 (    86      0)
driver_atmprep_ocn2atmb       100      100 5.760000e+04   1.524144e+02     3.852 (    15      0)     1.346 (    95      0)
driver_atmprep_mrgx2a         100      100 5.760000e+04   1.586003e+01     0.177 (    96      0)     0.146 (    29      0)
DRIVER_C2A                    100      100 5.760000e+04   1.014495e+02     5.485 (     1      0)     0.074 (    19      0)
driver_c2a_atmx2atma          100      100 5.760000e+04   4.926315e+01     5.471 (     1      0)     0.056 (     9      0)
driver_c2a_infoexch           100      100 5.760000e+04   5.202056e+01     1.198 (    98      0)     0.006 (     0      0)
DRIVER_ATM_RUN                100      100 5.760000e+04   4.132938e+05  4139.178 (     4      0)  4126.198 (    99      0)
DRIVER_A2C                    100      100 5.760000e+04   4.632689e+02    11.221 (    99      0)     0.193 (    14      0)
driver_a2c_atma2atmx          100      100 5.760000e+04   2.318599e+02     8.442 (    49      0)     0.144 (    94      0)
driver_a2c_infoexch           100      100 5.760000e+04   2.311860e+02     5.549 (    99      0)     0.006 (     0      0)
DRIVER_ATMPOST                100      100 5.760000e+04   1.778316e-02     0.000 (    30      0)     0.000 (    27      0)
DRIVER_O2C                    180      180 1.036800e+05   1.366746e+05  1317.581 (     1      0)    61.883 (   126      0)
driver_o2c_ocno2ocnx          180      180 1.036800e+05   1.364928e+05  1316.147 (    35      0)    61.777 (   101      0)
driver_o2c_infoexch           180      180 1.036800e+05   1.814893e+02     3.454 (     1      0)     0.005 (   100      0)
DRIVER_OCNPOST                100      100 5.760000e+04   1.220584e-02     0.000 (    48      0)     0.000 (    37      0)
DRIVER_HISTORY                100      100 5.760000e+04   1.089649e-01     0.002 (    50      0)     0.000 (    44      0)
DRIVER_TSTAMP_WRITE           180      180 1.036800e+05   2.923179e-02     0.001 (   100      0)     0.000 (    24      0)
DRIVER_TPROF_WRITE            180      180 1.036800e+05   1.773715e-02     0.000 (    86      0)     0.000 (   174      0)
DRIVER_RESTART                100      100 2.000000e+02   2.888047e+02     2.918 (     1      0)     2.886 (    63      0)
DRIVER_RUN_LOOP_BSTOP         180      180 1.800000e+02   1.145079e+02     1.418 (   101      0)     0.000 (     1      0)
DRIVER_FINAL                  180      180 1.800000e+02   1.893885e+00     0.011 (     0      0)     0.009 (    18      0)
t_prf                           0        0 0.000000e+00   0.000000e+00     0.000 (     0      0)     0.000 (     0      0)
DRIVER_C2O_INITWAIT            80       80 8.000000e+01   2.395201e+00     0.031 (   162      0)     0.029 (   113      0)
DRIVER_OCN_RUN                 80       80 4.608000e+04   4.317762e+05  5398.600 (   135      0)  5395.349 (   101      0)
docn_comp_run                  80       80 4.608000e+04   5.535868e+01     0.833 (   101      0)     0.527 (   100      0)
DOCN_RUN                       80       80 4.608000e+04   5.530846e+01     0.832 (   101      0)     0.526 (   100      0)
rocn_comp_run                  80       80 4.608000e+04   4.311398e+05  5392.809 (   101      0)  5367.466 (   100      0)
DOCN_FINAL                     80       80 8.000000e+01   5.769730e-05     0.000 (   100      0)     0.000 (   102      0)

