
***** GLOBAL STATISTICS (   180 MPI TASKS) *****

$Id: gptl.c,v 1.157 2011-03-28 20:55:18 rosinski Exp $
'count' is cumulative. All other stats are max/min
name                    processes  threads        count      walltotal   wallmax (proc   thrd  )   wallmin (proc   thrd  )
DRIVER_INIT                   180      180 1.800000e+02   2.077067e+03    13.347 (    23      0)     9.280 (   169      0)
driver_init_comps             180      180 1.800000e+02   1.544692e+03     8.596 (    13      0)     8.571 (   102      0)
driver_init_xxx2xxx           180      180 1.800000e+02   1.913550e+01     0.110 (    15      0)     0.098 (   122      0)
driver_init_maps              100      100 1.000000e+02   5.503568e+01     0.555 (    77      0)     0.547 (    49      0)
driver_init_atminit           180      180 1.800000e+02   4.054851e+02     4.058 (    17      0)     0.000 (   109      0)
driver_init_readrestart       180      180 1.800000e+02   6.807923e-02     0.001 (    45      0)     0.000 (    17      0)
DRIVER_RUN_LOOP_BSTART        180      180 1.800000e+02   3.253802e+02     4.067 (   137      0)     0.000 (    96      0)
DRIVER_RUN_LOOP               180      180 1.036800e+05   9.823782e+05  5458.319 (     1      0)  5456.840 (   160      0)
DRIVER_CPL_RUN                180      180 7.720400e+05   2.423330e+03    27.365 (    18      0)     0.055 (   103      0)
DRIVER_CLOCK_ADVANCE          180      180 1.036800e+05   1.002539e+01     0.075 (   100      0)     0.053 (   124      0)
DRIVER_OCNPREP                100      100 1.152000e+05   6.715993e+02     7.824 (    30      0)     5.542 (    86      0)
driver_ocnprep_atm2ocn        100      100 5.760000e+04   6.325289e+02     7.440 (    30      0)     5.130 (    86      0)
DRIVER_ATMOCNP                100      100 5.760000e+04   7.596108e+02     8.652 (    39      0)     6.309 (     1      0)
driver_atmocnp_fluxo          100      100 5.760000e+04   7.319799e+01     1.095 (    33      0)     0.397 (    86      0)
driver_atmocnp_mrgx2o         100      100 5.760000e+04   6.523005e+02     7.357 (    39      0)     5.315 (     1      0)
driver_atmocnp_accum          100      100 5.760000e+04   3.347067e+01     0.440 (     0      0)     0.188 (    50      0)
driver_ocnprep_avg            100      100 5.760000e+04   3.878664e+01     0.434 (     0      0)     0.373 (    51      0)
DRIVER_C2O                    180      180 1.036800e+05   2.485052e+03    26.218 (   100      0)     0.755 (     2      0)
driver_c2o_ocnx2ocno          180      180 1.036800e+05   2.040637e+03    24.152 (   124      0)     0.470 (     2      0)
driver_c2o_infoexch           180      180 1.036800e+05   4.441552e+02     7.847 (   100      0)     0.012 (     0      0)
DRIVER_FRACSET                100      100 5.760000e+04   8.705091e-02     0.001 (     0      0)     0.001 (    65      0)
driver_fracset_fracset        100      100 5.760000e+04   2.619267e-02     0.001 (     0      0)     0.000 (    11      0)
DRIVER_ATMPREP                100      100 5.760000e+04   6.850546e+02    10.163 (     2      0)     6.036 (    89      0)
driver_atmprep_ocn2atmf       100      100 5.760000e+04   3.384881e+02     5.924 (     2      0)     2.993 (    89      0)
driver_atmprep_ocn2atm1       100      100 5.760000e+04   1.534310e+02     3.463 (    17      0)     1.365 (    89      0)
driver_atmprep_ocn2atm2       100      100 5.760000e+04   2.519552e+01     2.193 (    16      0)     0.155 (    87      0)
driver_atmprep_ocn2atmb       100      100 5.760000e+04   1.515013e+02     3.451 (    15      0)     1.346 (    95      0)
driver_atmprep_mrgx2a         100      100 5.760000e+04   1.594644e+01     0.174 (    92      0)     0.143 (    26      0)
DRIVER_C2A                    100      100 5.760000e+04   7.580829e+01     5.801 (     1      0)     0.069 (     9      0)
driver_c2a_atmx2atma          100      100 5.760000e+04   4.505427e+01     5.789 (     0      0)     0.057 (    60      0)
driver_c2a_infoexch           100      100 5.760000e+04   3.059901e+01     0.892 (    99      0)     0.006 (    10      0)
DRIVER_ATM_RUN                100      100 5.760000e+04   4.122847e+05  4129.024 (     4      0)  4115.294 (    99      0)
DRIVER_A2C                    100      100 5.760000e+04   4.674254e+02    12.106 (    99      0)     0.187 (     4      0)
driver_a2c_atma2atmx          100      100 5.760000e+04   2.339950e+02     9.117 (    49      0)     0.135 (    64      0)
driver_a2c_infoexch           100      100 5.760000e+04   2.332056e+02     5.504 (    99      0)     0.006 (     0      0)
DRIVER_ATMPOST                100      100 5.760000e+04   1.761055e-02     0.000 (    20      0)     0.000 (    53      0)
DRIVER_O2C                    180      180 1.036800e+05   1.351607e+05  1300.550 (     0      0)    63.840 (   126      0)
driver_o2c_ocno2ocnx          180      180 1.036800e+05   1.349884e+05  1299.539 (    34      0)    63.750 (   101      0)
driver_o2c_infoexch           180      180 1.036800e+05   1.720300e+02     3.612 (     1      0)     0.007 (   100      0)
DRIVER_OCNPOST                100      100 5.760000e+04   1.212907e-02     0.000 (    22      0)     0.000 (    45      0)
DRIVER_HISTORY                100      100 5.760000e+04   1.109359e-01     0.002 (    40      0)     0.000 (     5      0)
DRIVER_TSTAMP_WRITE           180      180 1.036800e+05   3.310251e-02     0.001 (   100      0)     0.000 (    33      0)
DRIVER_TPROF_WRITE            180      180 1.036800e+05   1.779604e-02     0.000 (    88      0)     0.000 (   174      0)
DRIVER_RESTART                100      100 2.000000e+02   2.961542e+02     2.986 (     1      0)     2.960 (    63      0)
DRIVER_RUN_LOOP_BSTOP         180      180 1.800000e+02   1.194325e+02     1.480 (   101      0)     0.000 (     1      0)
DRIVER_FINAL                  180      180 1.800000e+02   1.844214e+00     0.011 (     0      0)     0.009 (    12      0)
t_prf                           0        0 0.000000e+00   0.000000e+00     0.000 (     0      0)     0.000 (     0      0)
DRIVER_C2O_INITWAIT            80       80 8.000000e+01   2.441678e+00     0.032 (   131      0)     0.030 (   116      0)
DRIVER_OCN_RUN                 80       80 4.608000e+04   4.294766e+05  5369.753 (   137      0)  5366.616 (   100      0)
docn_comp_run                  80       80 4.608000e+04   4.505026e+01     0.591 (   101      0)     0.387 (   100      0)
DOCN_RUN                       80       80 4.608000e+04   4.500267e+01     0.590 (   101      0)     0.386 (   100      0)
rocn_comp_run                  80       80 4.608000e+04   4.288572e+05  5364.277 (   101      0)  5338.982 (   100      0)
DOCN_FINAL                     80       80 8.000000e+01   6.389618e-05     0.000 (   100      0)     0.000 (   101      0)

