
***** GLOBAL STATISTICS (   180 MPI TASKS) *****

$Id: gptl.c,v 1.157 2011-03-28 20:55:18 rosinski Exp $
'count' is cumulative. All other stats are max/min
name                    processes  threads        count      walltotal   wallmax (proc   thrd  )   wallmin (proc   thrd  )
DRIVER_INIT                   180      180 1.800000e+02   2.136305e+03    13.905 (    66      0)     9.325 (   117      0)
driver_init_comps             180      180 1.800000e+02   1.557907e+03     8.662 (     8      0)     8.646 (   100      0)
driver_init_xxx2xxx           180      180 1.800000e+02   1.891791e+01     0.108 (    40      0)     0.099 (   162      0)
driver_init_maps              100      100 1.000000e+02   5.229074e+01     0.531 (     1      0)     0.519 (    35      0)
driver_init_atminit           180      180 1.800000e+02   4.565977e+02     4.569 (    70      0)     0.000 (   112      0)
driver_init_readrestart       180      180 1.800000e+02   5.875516e-02     0.001 (    66      0)     0.000 (   119      0)
DRIVER_RUN_LOOP_BSTART        180      180 1.800000e+02   3.662932e+02     4.578 (   125      0)     0.000 (    77      0)
DRIVER_RUN_LOOP               180      180 1.036800e+05   9.919451e+05  5511.429 (     1      0)  5510.039 (   100      0)
DRIVER_CPL_RUN                180      180 7.720400e+05   2.399309e+03    26.992 (    17      0)     0.055 (   135      0)
DRIVER_CLOCK_ADVANCE          180      180 1.036800e+05   1.002939e+01     0.084 (   160      0)     0.053 (   135      0)
DRIVER_OCNPREP                100      100 1.152000e+05   6.696355e+02     7.787 (    28      0)     5.601 (    94      0)
driver_ocnprep_atm2ocn        100      100 5.760000e+04   6.305437e+02     7.395 (    28      0)     5.185 (    94      0)
DRIVER_ATMOCNP                100      100 5.760000e+04   7.616310e+02     8.564 (    32      0)     6.361 (     0      0)
driver_atmocnp_fluxo          100      100 5.760000e+04   7.283028e+01     1.088 (    32      0)     0.403 (    84      0)
driver_atmocnp_mrgx2o         100      100 5.760000e+04   6.536651e+02     7.229 (    67      0)     5.349 (     0      0)
driver_atmocnp_accum          100      100 5.760000e+04   3.448359e+01     0.452 (     0      0)     0.186 (     9      0)
driver_ocnprep_avg            100      100 5.760000e+04   3.883749e+01     0.439 (     0      0)     0.373 (    51      0)
DRIVER_C2O                    180      180 1.036800e+05   2.506320e+03    25.749 (   100      0)     0.532 (     0      0)
driver_c2o_ocnx2ocno          180      180 1.036800e+05   2.105433e+03    24.468 (   116      0)     0.459 (     1      0)
driver_c2o_infoexch           180      180 1.036800e+05   4.006256e+02     7.905 (   100      0)     0.007 (    10      0)
DRIVER_FRACSET                100      100 5.760000e+04   8.714771e-02     0.002 (     0      0)     0.001 (    34      0)
driver_fracset_fracset        100      100 5.760000e+04   2.655435e-02     0.001 (     0      0)     0.000 (    12      0)
DRIVER_ATMPREP                100      100 5.760000e+04   6.823364e+02     9.996 (     2      0)     6.053 (    97      0)
driver_atmprep_ocn2atmf       100      100 5.760000e+04   3.379393e+02     6.582 (     2      0)     3.000 (    97      0)
driver_atmprep_ocn2atm1       100      100 5.760000e+04   1.524972e+02     3.282 (    17      0)     1.366 (    84      0)
driver_atmprep_ocn2atm2       100      100 5.760000e+04   2.448324e+01     1.890 (    16      0)     0.155 (    96      0)
driver_atmprep_ocn2atmb       100      100 5.760000e+04   1.509247e+02     3.107 (    15      0)     1.345 (    84      0)
driver_atmprep_mrgx2a         100      100 5.760000e+04   1.600131e+01     0.178 (    87      0)     0.147 (     6      0)
DRIVER_C2A                    100      100 5.760000e+04   7.180988e+01     6.222 (     0      0)     0.066 (     9      0)
driver_c2a_atmx2atma          100      100 5.760000e+04   4.476574e+01     6.213 (     0      0)     0.055 (     9      0)
driver_c2a_infoexch           100      100 5.760000e+04   2.688619e+01     0.778 (    89      0)     0.006 (    10      0)
DRIVER_ATM_RUN                100      100 5.760000e+04   4.097172e+05  4102.914 (     4      0)  4090.417 (    99      0)
DRIVER_A2C                    100      100 5.760000e+04   4.893981e+02    11.656 (    99      0)     0.198 (    14      0)
driver_a2c_atma2atmx          100      100 5.760000e+04   2.516642e+02     9.406 (    49      0)     0.139 (    94      0)
driver_a2c_infoexch           100      100 5.760000e+04   2.375119e+02     5.422 (    99      0)     0.006 (     0      0)
DRIVER_ATMPOST                100      100 5.760000e+04   1.781130e-02     0.000 (    10      0)     0.000 (    53      0)
DRIVER_O2C                    180      180 1.036800e+05   1.427601e+05  1379.439 (     0      0)    60.464 (   126      0)
driver_o2c_ocno2ocnx          180      180 1.036800e+05   1.425786e+05  1378.284 (    39      0)    60.364 (   138      0)
driver_o2c_infoexch           180      180 1.036800e+05   1.811902e+02     3.382 (     1      0)     0.005 (   100      0)
DRIVER_OCNPOST                100      100 5.760000e+04   1.221728e-02     0.000 (    29      0)     0.000 (    64      0)
DRIVER_HISTORY                100      100 5.760000e+04   1.101911e-01     0.002 (    90      0)     0.000 (    41      0)
DRIVER_TSTAMP_WRITE           180      180 1.036800e+05   3.348565e-02     0.001 (     0      0)     0.000 (    31      0)
DRIVER_TPROF_WRITE            180      180 1.036800e+05   1.799560e-02     0.000 (   108      0)     0.000 (   127      0)
DRIVER_RESTART                100      100 2.000000e+02   2.747934e+02     2.770 (     1      0)     2.746 (    19      0)
DRIVER_RUN_LOOP_BSTOP         180      180 1.800000e+02   1.121370e+02     1.392 (   100      0)     0.000 (     1      0)
DRIVER_FINAL                  180      180 1.800000e+02   1.820434e+00     0.025 (     0      0)     0.009 (    11      0)
t_prf                           0        0 0.000000e+00   0.000000e+00     0.000 (     0      0)     0.000 (     0      0)
DRIVER_C2O_INITWAIT            80       80 8.000000e+01   2.398177e+00     0.031 (   171      0)     0.029 (   139      0)
DRIVER_OCN_RUN                 80       80 4.608000e+04   4.339965e+05  5426.371 (   135      0)  5422.982 (   101      0)
docn_comp_run                  80       80 4.608000e+04   4.621765e+01     0.606 (   101      0)     0.428 (   100      0)
DOCN_RUN                       80       80 4.608000e+04   4.616905e+01     0.606 (   101      0)     0.427 (   100      0)
rocn_comp_run                  80       80 4.608000e+04   4.333661e+05  5420.715 (   101      0)  5395.085 (   100      0)
DOCN_FINAL                     80       80 8.000000e+01   7.033348e-05     0.000 (   100      0)     0.000 (   102      0)

