
***** GLOBAL STATISTICS (   180 MPI TASKS) *****

$Id: gptl.c,v 1.157 2011-03-28 20:55:18 rosinski Exp $
'count' is cumulative. All other stats are max/min
name                    processes  threads        count      walltotal   wallmax (proc   thrd  )   wallmin (proc   thrd  )
DRIVER_INIT                   180      180 1.800000e+02   2.538375e+03    16.441 (    70      0)    11.293 (   101      0)
driver_init_comps             180      180 1.800000e+02   1.805653e+03    10.048 (    17      0)    10.021 (   100      0)
driver_init_xxx2xxx           180      180 1.800000e+02   2.488781e+01     0.144 (     5      0)     0.125 (   121      0)
driver_init_maps              100      100 1.000000e+02   1.077171e+02     1.083 (    26      0)     1.072 (    20      0)
driver_init_atminit           180      180 1.800000e+02   5.043451e+02     5.137 (    98      0)     0.000 (   119      0)
driver_init_readrestart       180      180 1.800000e+02   5.075026e-02     0.001 (    26      0)     0.000 (   100      0)
DRIVER_RUN_LOOP_BSTART        180      180 1.800000e+02   4.208906e+02     5.148 (   165      0)     0.000 (    36      0)
DRIVER_RUN_LOOP               180      180 1.036800e+05   1.279189e+06  7107.275 (     1      0)  7105.782 (   141      0)
DRIVER_CPL_RUN                180      180 7.720400e+05   2.689173e+03    43.667 (    31      0)     0.055 (   155      0)
DRIVER_CLOCK_ADVANCE          180      180 1.036800e+05   1.078001e+01     0.103 (    39      0)     0.054 (   155      0)
DRIVER_OCNPREP                100      100 1.152000e+05   7.860517e+02    15.132 (    30      0)     5.639 (    91      0)
driver_ocnprep_atm2ocn        100      100 5.760000e+04   7.404138e+02    14.370 (    30      0)     5.236 (    91      0)
DRIVER_ATMOCNP                100      100 5.760000e+04   7.388101e+02     9.612 (    25      0)     3.822 (    40      0)
driver_atmocnp_fluxo          100      100 5.760000e+04   7.716944e+01     1.625 (    32      0)     0.408 (    83      0)
driver_atmocnp_mrgx2o         100      100 5.760000e+04   6.257327e+02     8.041 (    25      0)     2.610 (    40      0)
driver_atmocnp_accum          100      100 5.760000e+04   3.521185e+01     0.586 (    39      0)     0.172 (    19      0)
driver_ocnprep_avg            100      100 5.760000e+04   4.535491e+01     0.776 (    34      0)     0.373 (    19      0)
DRIVER_C2O                    180      180 1.036800e+05   2.961595e+03    28.771 (   100      0)     0.764 (     0      0)
driver_c2o_ocnx2ocno          180      180 1.036800e+05   2.052488e+03    27.116 (   124      0)     0.744 (     0      0)
driver_c2o_infoexch           180      180 1.036800e+05   9.088200e+02    11.114 (   100      0)     0.013 (     4      0)
DRIVER_FRACSET                100      100 5.760000e+04   9.722853e-02     0.002 (     0      0)     0.001 (    19      0)
driver_fracset_fracset        100      100 5.760000e+04   2.969718e-02     0.001 (     0      0)     0.000 (    58      0)
DRIVER_ATMPREP                100      100 5.760000e+04   8.674542e+02    17.024 (    31      0)     5.993 (    85      0)
driver_atmprep_ocn2atmf       100      100 5.760000e+04   4.063724e+02    10.600 (    19      0)     2.967 (    85      0)
driver_atmprep_ocn2atm1       100      100 5.760000e+04   1.976995e+02     7.622 (    17      0)     1.361 (    86      0)
driver_atmprep_ocn2atm2       100      100 5.760000e+04   4.677812e+01     6.299 (    16      0)     0.155 (    83      0)
driver_atmprep_ocn2atmb       100      100 5.760000e+04   1.983374e+02     7.618 (    15      0)     1.340 (    99      0)
driver_atmprep_mrgx2a         100      100 5.760000e+04   1.771539e+01     0.283 (    38      0)     0.146 (    40      0)
DRIVER_C2A                    100      100 5.760000e+04   7.481181e+02    11.082 (    85      0)     0.067 (     9      0)
driver_c2a_atmx2atma          100      100 5.760000e+04   1.781858e+02     9.725 (    14      0)     0.053 (    19      0)
driver_c2a_infoexch           100      100 5.760000e+04   5.697524e+02    10.788 (    96      0)     0.006 (    10      0)
DRIVER_ATM_RUN                100      100 5.760000e+04   6.863911e+05  6884.074 (     4      0)  6838.876 (    99      0)
DRIVER_A2C                    100      100 5.760000e+04   6.484047e+02    29.100 (    99      0)     0.201 (     4      0)
driver_a2c_atma2atmx          100      100 5.760000e+04   1.444429e+02     7.281 (    99      0)     0.135 (    94      0)
driver_a2c_infoexch           100      100 5.760000e+04   5.037099e+02    21.817 (    99      0)     0.006 (     0      0)
DRIVER_ATMPOST                100      100 5.760000e+04   1.993489e-02     0.000 (    20      0)     0.000 (    93      0)
DRIVER_O2C                    180      180 1.036800e+05   1.545096e+05  1688.789 (   169      0)   194.311 (    99      0)
driver_o2c_ocno2ocnx          180      180 1.036800e+05   1.543775e+05  1688.478 (   112      0)   192.636 (     2      0)
driver_o2c_infoexch           180      180 1.036800e+05   1.318153e+02     2.738 (     2      0)     0.005 (   100      0)
DRIVER_OCNPOST                100      100 5.760000e+04   1.304078e-02     0.000 (    20      0)     0.000 (    10      0)
DRIVER_HISTORY                100      100 5.760000e+04   1.075635e-01     0.001 (    40      0)     0.000 (     2      0)
DRIVER_TSTAMP_WRITE           180      180 1.036800e+05   3.269243e-02     0.001 (   100      0)     0.000 (    17      0)
DRIVER_TPROF_WRITE            180      180 1.036800e+05   1.863670e-02     0.000 (    30      0)     0.000 (   172      0)
DRIVER_RESTART                100      100 2.000000e+02   2.851428e+02     2.874 (     1      0)     2.850 (    63      0)
DRIVER_RUN_LOOP_BSTOP         180      180 1.800000e+02   1.202311e+02     1.491 (   101      0)     0.000 (     1      0)
DRIVER_FINAL                  180      180 1.800000e+02   1.843974e+00     0.011 (     0      0)     0.009 (    12      0)
t_prf                           0        0 0.000000e+00   0.000000e+00     0.000 (     0      0)     0.000 (     0      0)
DRIVER_C2O_INITWAIT            80       80 8.000000e+01   5.092756e+00     0.065 (   148      0)     0.063 (   121      0)
DRIVER_OCN_RUN                 80       80 4.608000e+04   4.312310e+05  5391.703 (   128      0)  5388.489 (   101      0)
docn_comp_run                  80       80 4.608000e+04   5.778473e+01     0.763 (   101      0)     0.622 (   100      0)
DOCN_RUN                       80       80 4.608000e+04   5.773646e+01     0.763 (   101      0)     0.620 (   100      0)
rocn_comp_run                  80       80 4.608000e+04   4.305926e+05  5386.037 (   101      0)  5360.449 (   100      0)
DOCN_FINAL                     80       80 8.000000e+01   6.270409e-05     0.000 (   100      0)     0.000 (   101      0)

